id_subsistema;nom_subsistema;id_estado;nom_estado;nom_pontoconexao;nom_localizacao;val_latitudesecoletora;val_longitudesecoletora;val_latitudepontoconexao;val_longitudepontoconexao;nom_modalidadeoperacao;nom_tipousina;nom_usina_conjunto;id_ons;ceg;din_instante;val_geracaoprogramada;val_geracaoverificada;val_capacidadeinstalada;val_fatorcapacidade
NE;Nordeste;CE;CEARA;ALEX230kVA;Interior;-5.269671;-37.967945;-5.270944;-37.967721;Conjunto de Usinas;Solar;Conj. Alex;CJU_CEUFAL;-;2023-12-01 00:00:00;0.0;0.0;278.397;0.0
NE;Nordeste;CE;CEARA;ALEX230kVA;Interior;-5.269671;-37.967945;-5.270944;-37.967721;Conjunto de Usinas;Solar;Conj. Alex;CJU_CEUFAL;-;2023-12-01 01:00:00;0.0;0.0;278.397;0.0
NE;Nordeste;CE;CEARA;ALEX230kVA;Interior;-5.269671;-37.967945;-5.270944;-37.967721;Conjunto de Usinas;Solar;Conj. Alex;CJU_CEUFAL;-;2023-12-01 02:00:00;0.0;0.0;278.397;0.0
NE;Nordeste;CE;CEARA;ALEX230kVA;Interior;-5.269671;-37.967945;-5.270944;-37.967721;Conjunto de Usinas;Solar;Conj. Alex;CJU_CEUFAL;-;2023-12-01 03:00:00;0.0;0.0;278.397;0.0
NE;Nordeste;CE;CEARA;ALEX230kVA;Interior;-5.269671;-37.967945;-5.270944;-37.967721;Conjunto de Usinas;Solar;Conj. Alex;CJU_CEUFAL;-;2023-12-01 04:00:00;0.0;0.0;278.397;0.0
NE;Nordeste;CE;CEARA;ALEX230kVA;Interior;-5.269671;-37.967945;-5.270944;-37.967721;Conjunto de Usinas;Solar;Conj. Alex;CJU_CEUFAL;-;2023-12-01 05:00:00;27.0;26.186;278.397;0.0940599216227186
NE;Nordeste;CE;CEARA;ALEX230kVA;Interior;-5.269671;-37.967945;-5.270944;-37.967721;Conjunto de Usinas;Solar;Conj. Alex;CJU_CEUFAL;-;2023-12-01 06:00:00;136.5;182.539;278.397;0.6556787609061879
NE;Nordeste;CE;CEARA;ALEX230kVA;Interior;-5.269671;-37.967945;-5.270944;-37.967721;Conjunto de Usinas;Solar;Conj. Alex;CJU_CEUFAL;-;2023-12-01 07:00:00;199.5;247.854;278.397;0.8902897660535135
NE;Nordeste;CE;CEARA;ALEX230kVA;Interior;-5.269671;-37.967945;-5.270944;-37.967721;Conjunto de Usinas;Solar;Conj. Alex;CJU_CEUFAL;-;2023-12-01 08:00:00;211.0;177.108;278.397;0.6361706483906076
NE;Nordeste;CE;CEARA;ALEX230kVA;Interior;-5.269671;-37.967945;-5.270944;-37.967721;Conjunto de Usinas;Solar;Conj. Alex;CJU_CEUFAL;-;2023-12-01 09:00:00;210.0;230.662;278.397;0.8285362270426764
NE;Nordeste;CE;CEARA;ALEX230kVA;Interior;-5.269671;-37.967945;-5.270944;-37.967721;Conjunto de Usinas;Solar;Conj. Alex;CJU_CEUFAL;-;2023-12-01 10:00:00;209.5;235.017;278.397;0.8441793553809847
NE;Nordeste;CE;CEARA;ALEX230kVA;Interior;-5.269671;-37.967945;-5.270944;-37.967721;Conjunto de Usinas;Solar;Conj. Alex;CJU_CEUFAL;-;2023-12-01 11:00:00;211.0;226.163;278.397;0.812375851751276
NE;Nordeste;CE;CEARA;ALEX230kVA;Interior;-5.269671;-37.967945;-5.270944;-37.967721;Conjunto de Usinas;Solar;Conj. Alex;CJU_CEUFAL;-;2023-12-01 12:00:00;213.0;214.823;278.397;0.7716426541952679
NE;Nordeste;CE;CEARA;ALEX230kVA;Interior;-5.269671;-37.967945;-5.270944;-37.967721;Conjunto de Usinas;Solar;Conj. Alex;CJU_CEUFAL;-;2023-12-01 13:00:00;210.5;224.892;278.397;0.8078104289916918
NE;Nordeste;CE;CEARA;ALEX230kVA;Interior;-5.269671;-37.967945;-5.270944;-37.967721;Conjunto de Usinas;Solar;Conj. Alex;CJU_CEUFAL;-;2023-12-01 14:00:00;196.5;185.266;278.397;0.6654741250803708
NE;Nordeste;CE;CEARA;ALEX230kVA;Interior;-5.269671;-37.967945;-5.270944;-37.967721;Conjunto de Usinas;Solar;Conj. Alex;CJU_CEUFAL;-;2023-12-01 15:00:00;155.0;114.769;278.397;0.4122494136071868
NE;Nordeste;CE;CEARA;ALEX230kVA;Interior;-5.269671;-37.967945;-5.270944;-37.967721;Conjunto de Usinas;Solar;Conj. Alex;CJU_CEUFAL;-;2023-12-01 16:00:00;78.0;57.897;278.397;0.2079656030776193
NE;Nordeste;CE;CEARA;ALEX230kVA;Interior;-5.269671;-37.967945;-5.270944;-37.967721;Conjunto de Usinas;Solar;Conj. Alex;CJU_CEUFAL;-;2023-12-01 17:00:00;3.0;6.145;278.397;0.0220727953246622
NE;Nordeste;CE;CEARA;ALEX230kVA;Interior;-5.269671;-37.967945;-5.270944;-37.967721;Conjunto de Usinas;Solar;Conj. Alex;CJU_CEUFAL;-;2023-12-01 18:00:00;0.0;0.0;278.397;0.0
NE;Nordeste;CE;CEARA;ALEX230kVA;Interior;-5.269671;-37.967945;-5.270944;-37.967721;Conjunto de Usinas;Solar;Conj. Alex;CJU_CEUFAL;-;2023-12-01 19:00:00;0.0;0.0;278.397;0.0
NE;Nordeste;CE;CEARA;ALEX230kVA;Interior;-5.269671;-37.967945;-5.270944;-37.967721;Conjunto de Usinas;Solar;Conj. Alex;CJU_CEUFAL;-;2023-12-01 20:00:00;0.0;0.0;278.397;0.0
NE;Nordeste;CE;CEARA;ALEX230kVA;Interior;-5.269671;-37.967945;-5.270944;-37.967721;Conjunto de Usinas;Solar;Conj. Alex;CJU_CEUFAL;-;2023-12-01 21:00:00;0.0;0.0;278.397;0.0
NE;Nordeste;CE;CEARA;ALEX230kVA;Interior;-5.269671;-37.967945;-5.270944;-37.967721;Conjunto de Usinas;Solar;Conj. Alex;CJU_CEUFAL;-;2023-12-01 22:00:00;0.0;0.0;278.397;0.0
NE;Nordeste;CE;CEARA;ALEX230kVA;Interior;-5.269671;-37.967945;-5.270944;-37.967721;Conjunto de Usinas;Solar;Conj. Alex;CJU_CEUFAL;-;2023-12-01 23:00:00;0.0;0.0;278.397;0.0
NE;Nordeste;CE;CEARA;ALEX230kVA;Interior;-5.269671;-37.967945;-5.270944;-37.967721;Conjunto de Usinas;Solar;Conj. Alex;CJU_CEUFAL;-;2023-12-02 00:00:00;0.0;0.0;278.397;0.0
NE;Nordeste;CE;CEARA;ALEX230kVA;Interior;-5.269671;-37.967945;-5.270944;-37.967721;Conjunto de Usinas;Solar;Conj. Alex;CJU_CEUFAL;-;2023-12-02 01:00:00;0.0;0.0;278.397;0.0
NE;Nordeste;CE;CEARA;ALEX230kVA;Interior;-5.269671;-37.967945;-5.270944;-37.967721;Conjunto de Usinas;Solar;Conj. Alex;CJU_CEUFAL;-;2023-12-02 02:00:00;0.0;0.0;278.397;0.0
NE;Nordeste;CE;CEARA;ALEX230kVA;Interior;-5.269671;-37.967945;-5.270944;-37.967721;Conjunto de Usinas;Solar;Conj. Alex;CJU_CEUFAL;-;2023-12-02 03:00:00;0.0;0.0;278.397;0.0
NE;Nordeste;CE;CEARA;ALEX230kVA;Interior;-5.269671;-37.967945;-5.270944;-37.967721;Conjunto de Usinas;Solar;Conj. Alex;CJU_CEUFAL;-;2023-12-02 04:00:00;0.0;0.0;278.397;0.0
NE;Nordeste;CE;CEARA;ALEX230kVA;Interior;-5.269671;-37.967945;-5.270944;-37.967721;Conjunto de Usinas;Solar;Conj. Alex;CJU_CEUFAL;-;2023-12-02 05:00:00;22.5;22.687;278.397;0.0814915390611249
NE;Nordeste;CE;CEARA;ALEX230kVA;Interior;-5.269671;-37.967945;-5.270944;-37.967721;Conjunto de Usinas;Solar;Conj. Alex;CJU_CEUFAL;-;2023-12-02 06:00:00;122.5;190.108;278.397;0.6828665538780949
NE;Nordeste;CE;CEARA;ALEX230kVA;Interior;-5.269671;-37.967945;-5.270944;-37.967721;Conjunto de Usinas;Solar;Conj. Alex;CJU_CEUFAL;-;2023-12-02 07:00:00;189.0;238.975;278.397;0.8583964626055596
NE;Nordeste;CE;CEARA;ALEX230kVA;Interior;-5.269671;-37.967945;-5.270944;-37.967721;Conjunto de Usinas;Solar;Conj. Alex;CJU_CEUFAL;-;2023-12-02 08:00:00;212.5;164.239;278.397;0.589945293950725
NE;Nordeste;CE;CEARA;ALEX230kVA;Interior;-5.269671;-37.967945;-5.270944;-37.967721;Conjunto de Usinas;Solar;Conj. Alex;CJU_CEUFAL;-;2023-12-02 09:00:00;215.5;210.644;278.397;0.7566317165774056
NE;Nordeste;CE;CEARA;ALEX230kVA;Interior;-5.269671;-37.967945;-5.270944;-37.967721;Conjunto de Usinas;Solar;Conj. Alex;CJU_CEUFAL;-;2023-12-02 10:00:00;212.5;231.103;278.397;0.8301202958365212
NE;Nordeste;CE;CEARA;ALEX230kVA;Interior;-5.269671;-37.967945;-5.270944;-37.967721;Conjunto de Usinas;Solar;Conj. Alex;CJU_CEUFAL;-;2023-12-02 11:00:00;209.0;238.603;278.397;0.8570602413100715
NE;Nordeste;CE;CEARA;ALEX230kVA;Interior;-5.269671;-37.967945;-5.270944;-37.967721;Conjunto de Usinas;Solar;Conj. Alex;CJU_CEUFAL;-;2023-12-02 12:00:00;207.0;233.756;278.397;0.8396498525486984
NE;Nordeste;CE;CEARA;ALEX230kVA;Interior;-5.269671;-37.967945;-5.270944;-37.967721;Conjunto de Usinas;Solar;Conj. Alex;CJU_CEUFAL;-;2023-12-02 13:00:00;200.5;230.306;278.397;0.8272574776308652
NE;Nordeste;CE;CEARA;ALEX230kVA;Interior;-5.269671;-37.967945;-5.270944;-37.967721;Conjunto de Usinas;Solar;Conj. Alex;CJU_CEUFAL;-;2023-12-02 14:00:00;190.0;177.075;278.397;0.636052112630524
NE;Nordeste;CE;CEARA;ALEX230kVA;Interior;-5.269671;-37.967945;-5.270944;-37.967721;Conjunto de Usinas;Solar;Conj. Alex;CJU_CEUFAL;-;2023-12-02 15:00:00;157.5;215.443;278.397;0.773869689687748
NE;Nordeste;CE;CEARA;ALEX230kVA;Interior;-5.269671;-37.967945;-5.270944;-37.967721;Conjunto de Usinas;Solar;Conj. Alex;CJU_CEUFAL;-;2023-12-02 16:00:00;84.0;115.283;278.397;0.4140956978703075
NE;Nordeste;CE;CEARA;ALEX230kVA;Interior;-5.269671;-37.967945;-5.270944;-37.967721;Conjunto de Usinas;Solar;Conj. Alex;CJU_CEUFAL;-;2023-12-02 17:00:00;3.0;6.873;278.397;0.0246877660319615
NE;Nordeste;CE;CEARA;ALEX230kVA;Interior;-5.269671;-37.967945;-5.270944;-37.967721;Conjunto de Usinas;Solar;Conj. Alex;CJU_CEUFAL;-;2023-12-02 18:00:00;0.0;0.0;278.397;0.0
NE;Nordeste;CE;CEARA;ALEX230kVA;Interior;-5.269671;-37.967945;-5.270944;-37.967721;Conjunto de Usinas;Solar;Conj. Alex;CJU_CEUFAL;-;2023-12-02 19:00:00;0.0;0.0;278.397;0.0
NE;Nordeste;CE;CEARA;ALEX230kVA;Interior;-5.269671;-37.967945;-5.270944;-37.967721;Conjunto de Usinas;Solar;Conj. Alex;CJU_CEUFAL;-;2023-12-02 20:00:00;0.0;0.0;278.397;0.0
NE;Nordeste;CE;CEARA;ALEX230kVA;Interior;-5.269671;-37.967945;-5.270944;-37.967721;Conjunto de Usinas;Solar;Conj. Alex;CJU_CEUFAL;-;2023-12-02 21:00:00;0.0;0.0;278.397;0.0
NE;Nordeste;CE;CEARA;ALEX230kVA;Interior;-5.269671;-37.967945;-5.270944;-37.967721;Conjunto de Usinas;Solar;Conj. Alex;CJU_CEUFAL;-;2023-12-02 22:00:00;0.0;0.0;278.397;0.0
NE;Nordeste;CE;CEARA;ALEX230kVA;Interior;-5.269671;-37.967945;-5.270944;-37.967721;Conjunto de Usinas;Solar;Conj. Alex;CJU_CEUFAL;-;2023-12-02 23:00:00;0.0;0.0;278.397;0.0
NE;Nordeste;CE;CEARA;ALEX230kVA;Interior;-5.269671;-37.967945;-5.270944;-37.967721;Conjunto de Usinas;Solar;Conj. Alex;CJU_CEUFAL;-;2023-12-03 00:00:00;0.0;0.0;278.397;0.0
NE;Nordeste;CE;CEARA;ALEX230kVA;Interior;-5.269671;-37.967945;-5.270944;-37.967721;Conjunto de Usinas;Solar;Conj. Alex;CJU_CEUFAL;-;2023-12-03 01:00:00;0.0;0.0;278.397;0.0
NE;Nordeste;CE;CEARA;ALEX230kVA;Interior;-5.269671;-37.967945;-5.270944;-37.967721;Conjunto de Usinas;Solar;Conj. Alex;CJU_CEUFAL;-;2023-12-03 02:00:00;0.0;0.0;278.397;0.0
NE;Nordeste;CE;CEARA;ALEX230kVA;Interior;-5.269671;-37.967945;-5.270944;-37.967721;Conjunto de Usinas;Solar;Conj. Alex;CJU_CEUFAL;-;2023-12-03 03:00:00;0.0;0.0;278.397;0.0
NE;Nordeste;CE;CEARA;ALEX230kVA;Interior;-5.269671;-37.967945;-5.270944;-37.967721;Conjunto de Usinas;Solar;Conj. Alex;CJU_CEUFAL;-;2023-12-03 04:00:00;0.0;0.0;278.397;0.0
NE;Nordeste;CE;CEARA;ALEX230kVA;Interior;-5.269671;-37.967945;-5.270944;-37.967721;Conjunto de Usinas;Solar;Conj. Alex;CJU_CEUFAL;-;2023-12-03 05:00:00;30.0;25.786;278.397;0.0926231245307959
NE;Nordeste;CE;CEARA;ALEX230kVA;Interior;-5.269671;-37.967945;-5.270944;-37.967721;Conjunto de Usinas;Solar;Conj. Alex;CJU_CEUFAL;-;2023-12-03 06:00:00;140.5;182.514;278.397;0.6555889610879427
NE;Nordeste;CE;CEARA;ALEX230kVA;Interior;-5.269671;-37.967945;-5.270944;-37.967721;Conjunto de Usinas;Solar;Conj. Alex;CJU_CEUFAL;-;2023-12-03 07:00:00;205.5;250.852;278.397;0.901058560257474
NE;Nordeste;CE;CEARA;ALEX230kVA;Interior;-5.269671;-37.967945;-5.270944;-37.967721;Conjunto de Usinas;Solar;Conj. Alex;CJU_CEUFAL;-;2023-12-03 08:00:00;210.0;269.105;278.397;0.966623203554636
NE;Nordeste;CE;CEARA;ALEX230kVA;Interior;-5.269671;-37.967945;-5.270944;-37.967721;Conjunto de Usinas;Solar;Conj. Alex;CJU_CEUFAL;-;2023-12-03 09:00:00;195.0;273.902;278.397;0.9838539926795188
NE;Nordeste;CE;CEARA;ALEX230kVA;Interior;-5.269671;-37.967945;-5.270944;-37.967721;Conjunto de Usinas;Solar;Conj. Alex;CJU_CEUFAL;-;2023-12-03 10:00:00;201.5;274.637;278.397;0.9864941073359268
NE;Nordeste;CE;CEARA;ALEX230kVA;Interior;-5.269671;-37.967945;-5.270944;-37.967721;Conjunto de Usinas;Solar;Conj. Alex;CJU_CEUFAL;-;2023-12-03 11:00:00;220.0;273.896;278.397;0.98383244072314
NE;Nordeste;CE;CEARA;ALEX230kVA;Interior;-5.269671;-37.967945;-5.270944;-37.967721;Conjunto de Usinas;Solar;Conj. Alex;CJU_CEUFAL;-;2023-12-03 12:00:00;221.5;271.551;278.397;0.9754092177717432
NE;Nordeste;CE;CEARA;ALEX230kVA;Interior;-5.269671;-37.967945;-5.270944;-37.967721;Conjunto de Usinas;Solar;Conj. Alex;CJU_CEUFAL;-;2023-12-03 13:00:00;214.0;247.204;278.397;0.8879549707791391
NE;Nordeste;CE;CEARA;ALEX230kVA;Interior;-5.269671;-37.967945;-5.270944;-37.967721;Conjunto de Usinas;Solar;Conj. Alex;CJU_CEUFAL;-;2023-12-03 14:00:00;198.5;208.523;278.397;0.7490130999974856
NE;Nordeste;CE;CEARA;ALEX230kVA;Interior;-5.269671;-37.967945;-5.270944;-37.967721;Conjunto de Usinas;Solar;Conj. Alex;CJU_CEUFAL;-;2023-12-03 15:00:00;162.0;203.536;278.397;0.7310998322539395
NE;Nordeste;CE;CEARA;ALEX230kVA;Interior;-5.269671;-37.967945;-5.270944;-37.967721;Conjunto de Usinas;Solar;Conj. Alex;CJU_CEUFAL;-;2023-12-03 16:00:00;88.5;93.585;278.397;0.3361566396189614
NE;Nordeste;CE;CEARA;ALEX230kVA;Interior;-5.269671;-37.967945;-5.270944;-37.967721;Conjunto de Usinas;Solar;Conj. Alex;CJU_CEUFAL;-;2023-12-03 17:00:00;3.5;5.253;278.397;0.0188687378096746
NE;Nordeste;CE;CEARA;ALEX230kVA;Interior;-5.269671;-37.967945;-5.270944;-37.967721;Conjunto de Usinas;Solar;Conj. Alex;CJU_CEUFAL;-;2023-12-03 18:00:00;0.0;0.0;278.397;0.0
NE;Nordeste;CE;CEARA;ALEX230kVA;Interior;-5.269671;-37.967945;-5.270944;-37.967721;Conjunto de Usinas;Solar;Conj. Alex;CJU_CEUFAL;-;2023-12-03 19:00:00;0.0;0.0;278.397;0.0
NE;Nordeste;CE;CEARA;ALEX230kVA;Interior;-5.269671;-37.967945;-5.270944;-37.967721;Conjunto de Usinas;Solar;Conj. Alex;CJU_CEUFAL;-;2023-12-03 20:00:00;0.0;0.0;278.397;0.0
NE;Nordeste;CE;CEARA;ALEX230kVA;Interior;-5.269671;-37.967945;-5.270944;-37.967721;Conjunto de Usinas;Solar;Conj. Alex;CJU_CEUFAL;-;2023-12-03 21:00:00;0.0;0.0;278.397;0.0
NE;Nordeste;CE;CEARA;ALEX230kVA;Interior;-5.269671;-37.967945;-5.270944;-37.967721;Conjunto de Usinas;Solar;Conj. Alex;CJU_CEUFAL;-;2023-12-03 22:00:00;0.0;0.0;278.397;0.0
NE;Nordeste;CE;CEARA;ALEX230kVA;Interior;-5.269671;-37.967945;-5.270944;-37.967721;Conjunto de Usinas;Solar;Conj. Alex;CJU_CEUFAL;-;2023-12-03 23:00:00;0.0;0.0;278.397;0.0
NE;Nordeste;CE;CEARA;ALEX230kVA;Interior;-5.269671;-37.967945;-5.270944;-37.967721;Conjunto de Usinas;Solar;Conj. Alex;CJU_CEUFAL;-;2023-12-04 00:00:00;0.0;0.0;278.397;0.0
NE;Nordeste;CE;CEARA;ALEX230kVA;Interior;-5.269671;-37.967945;-5.270944;-37.967721;Conjunto de Usinas;Solar;Conj. Alex;CJU_CEUFAL;-;2023-12-04 01:00:00;0.0;0.0;278.397;0.0
NE;Nordeste;CE;CEARA;ALEX230kVA;Interior;-5.269671;-37.967945;-5.270944;-37.967721;Conjunto de Usinas;Solar;Conj. Alex;CJU_CEUFAL;-;2023-12-04 02:00:00;0.0;0.0;278.397;0.0
NE;Nordeste;CE;CEARA;ALEX230kVA;Interior;-5.269671;-37.967945;-5.270944;-37.967721;Conjunto de Usinas;Solar;Conj. Alex;CJU_CEUFAL;-;2023-12-04 03:00:00;0.0;0.0;278.397;0.0
NE;Nordeste;CE;CEARA;ALEX230kVA;Interior;-5.269671;-37.967945;-5.270944;-37.967721;Conjunto de Usinas;Solar;Conj. Alex;CJU_CEUFAL;-;2023-12-04 04:00:00;0.0;0.0;278.397;0.0
NE;Nordeste;CE;CEARA;ALEX230kVA;Interior;-5.269671;-37.967945;-5.270944;-37.967721;Conjunto de Usinas;Solar;Conj. Alex;CJU_CEUFAL;-;2023-12-04 05:00:00;27.5;22.086;278.397;0.0793327514305111
NE;Nordeste;CE;CEARA;ALEX230kVA;Interior;-5.269671;-37.967945;-5.270944;-37.967721;Conjunto de Usinas;Solar;Conj. Alex;CJU_CEUFAL;-;2023-12-04 06:00:00;139.0;159.357;278.397;0.5724091854438086
NE;Nordeste;CE;CEARA;ALEX230kVA;Interior;-5.269671;-37.967945;-5.270944;-37.967721;Conjunto de Usinas;Solar;Conj. Alex;CJU_CEUFAL;-;2023-12-04 07:00:00;206.0;234.123;278.397;0.8409681138805375
NE;Nordeste;CE;CEARA;ALEX230kVA;Interior;-5.269671;-37.967945;-5.270944;-37.967721;Conjunto de Usinas;Solar;Conj. Alex;CJU_CEUFAL;-;2023-12-04 08:00:00;224.0;207.369;278.397;0.7448679403872887
NE;Nordeste;CE;CEARA;ALEX230kVA;Interior;-5.269671;-37.967945;-5.270944;-37.967721;Conjunto de Usinas;Solar;Conj. Alex;CJU_CEUFAL;-;2023-12-04 09:00:00;226.0;192.808;278.397;0.692564934248573
NE;Nordeste;CE;CEARA;ALEX230kVA;Interior;-5.269671;-37.967945;-5.270944;-37.967721;Conjunto de Usinas;Solar;Conj. Alex;CJU_CEUFAL;-;2023-12-04 10:00:00;222.5;197.063;278.397;0.7078488633139006
NE;Nordeste;CE;CEARA;ALEX230kVA;Interior;-5.269671;-37.967945;-5.270944;-37.967721;Conjunto de Usinas;Solar;Conj. Alex;CJU_CEUFAL;-;2023-12-04 11:00:00;217.5;179.331;278.397;0.6441556482289679
NE;Nordeste;CE;CEARA;ALEX230kVA;Interior;-5.269671;-37.967945;-5.270944;-37.967721;Conjunto de Usinas;Solar;Conj. Alex;CJU_CEUFAL;-;2023-12-04 12:00:00;214.0;210.401;278.397;0.7557588623440626
NE;Nordeste;CE;CEARA;ALEX230kVA;Interior;-5.269671;-37.967945;-5.270944;-37.967721;Conjunto de Usinas;Solar;Conj. Alex;CJU_CEUFAL;-;2023-12-04 13:00:00;205.0;148.98;278.397;0.5351350768866043
NE;Nordeste;CE;CEARA;ALEX230kVA;Interior;-5.269671;-37.967945;-5.270944;-37.967721;Conjunto de Usinas;Solar;Conj. Alex;CJU_CEUFAL;-;2023-12-04 14:00:00;191.5;167.958;278.397;0.6033039149128762
NE;Nordeste;CE;CEARA;ALEX230kVA;Interior;-5.269671;-37.967945;-5.270944;-37.967721;Conjunto de Usinas;Solar;Conj. Alex;CJU_CEUFAL;-;2023-12-04 15:00:00;158.0;111.573;278.397;0.4007694048427245
NE;Nordeste;CE;CEARA;ALEX230kVA;Interior;-5.269671;-37.967945;-5.270944;-37.967721;Conjunto de Usinas;Solar;Conj. Alex;CJU_CEUFAL;-;2023-12-04 16:00:00;87.0;68.173;278.397;0.2448769203691131
NE;Nordeste;CE;CEARA;ALEX230kVA;Interior;-5.269671;-37.967945;-5.270944;-37.967721;Conjunto de Usinas;Solar;Conj. Alex;CJU_CEUFAL;-;2023-12-04 17:00:00;3.0;5.406;278.397;0.0194183126973351
NE;Nordeste;CE;CEARA;ALEX230kVA;Interior;-5.269671;-37.967945;-5.270944;-37.967721;Conjunto de Usinas;Solar;Conj. Alex;CJU_CEUFAL;-;2023-12-04 18:00:00;0.0;0.0;278.397;0.0
NE;Nordeste;CE;CEARA;ALEX230kVA;Interior;-5.269671;-37.967945;-5.270944;-37.967721;Conjunto de Usinas;Solar;Conj. Alex;CJU_CEUFAL;-;2023-12-04 19:00:00;0.0;0.0;278.397;0.0
NE;Nordeste;CE;CEARA;ALEX230kVA;Interior;-5.269671;-37.967945;-5.270944;-37.967721;Conjunto de Usinas;Solar;Conj. Alex;CJU_CEUFAL;-;2023-12-04 20:00:00;0.0;0.0;278.397;0.0
NE;Nordeste;CE;CEARA;ALEX230kVA;Interior;-5.269671;-37.967945;-5.270944;-37.967721;Conjunto de Usinas;Solar;Conj. Alex;CJU_CEUFAL;-;2023-12-04 21:00:00;0.0;0.0;278.397;0.0
NE;Nordeste;CE;CEARA;ALEX230kVA;Interior;-5.269671;-37.967945;-5.270944;-37.967721;Conjunto de Usinas;Solar;Conj. Alex;CJU_CEUFAL;-;2023-12-04 22:00:00;0.0;0.0;278.397;0.0
NE;Nordeste;CE;CEARA;ALEX230kVA;Interior;-5.269671;-37.967945;-5.270944;-37.967721;Conjunto de Usinas;Solar;Conj. Alex;CJU_CEUFAL;-;2023-12-04 23:00:00;0.0;0.0;278.397;0.0
NE;Nordeste;CE;CEARA;ALEX230kVA;Interior;-5.269671;-37.967945;-5.270944;-37.967721;Conjunto de Usinas;Solar;Conj. Alex;CJU_CEUFAL;-;2023-12-05 00:00:00;0.0;0.0;278.397;0.0
NE;Nordeste;CE;CEARA;ALEX230kVA;Interior;-5.269671;-37.967945;-5.270944;-37.967721;Conjunto de Usinas;Solar;Conj. Alex;CJU_CEUFAL;-;2023-12-05 01:00:00;0.0;0.0;278.397;0.0
NE;Nordeste;CE;CEARA;ALEX230kVA;Interior;-5.269671;-37.967945;-5.270944;-37.967721;Conjunto de Usinas;Solar;Conj. Alex;CJU_CEUFAL;-;2023-12-05 02:00:00;0.0;0.0;278.397;0.0
NE;Nordeste;CE;CEARA;ALEX230kVA;Interior;-5.269671;-37.967945;-5.270944;-37.967721;Conjunto de Usinas;Solar;Conj. Alex;CJU_CEUFAL;-;2023-12-05 03:00:00;0.0;0.0;278.397;0.0
NE;Nordeste;CE;CEARA;ALEX230kVA;Interior;-5.269671;-37.967945;-5.270944;-37.967721;Conjunto de Usinas;Solar;Conj. Alex;CJU_CEUFAL;-;2023-12-05 04:00:00;0.0;0.0;278.397;0.0
NE;Nordeste;CE;CEARA;ALEX230kVA;Interior;-5.269671;-37.967945;-5.270944;-37.967721;Conjunto de Usinas;Solar;Conj. Alex;CJU_CEUFAL;-;2023-12-05 05:00:00;31.5;17.795;278.397;0.0639195106269104
NE;Nordeste;CE;CEARA;ALEX230kVA;Interior;-5.269671;-37.967945;-5.270944;-37.967721;Conjunto de Usinas;Solar;Conj. Alex;CJU_CEUFAL;-;2023-12-05 06:00:00;137.5;176.074;278.397;0.6324565279079875
NE;Nordeste;CE;CEARA;ALEX230kVA;Interior;-5.269671;-37.967945;-5.270944;-37.967721;Conjunto de Usinas;Solar;Conj. Alex;CJU_CEUFAL;-;2023-12-05 07:00:00;194.5;228.349;278.397;0.8202279478586335
NE;Nordeste;CE;CEARA;ALEX230kVA;Interior;-5.269671;-37.967945;-5.270944;-37.967721;Conjunto de Usinas;Solar;Conj. Alex;CJU_CEUFAL;-;2023-12-05 08:00:00;206.5;219.254;278.397;0.7875587739810413
NE;Nordeste;CE;CEARA;ALEX230kVA;Interior;-5.269671;-37.967945;-5.270944;-37.967721;Conjunto de Usinas;Solar;Conj. Alex;CJU_CEUFAL;-;2023-12-05 09:00:00;206.0;183.895;278.397;0.6605495030478058
NE;Nordeste;CE;CEARA;ALEX230kVA;Interior;-5.269671;-37.967945;-5.270944;-37.967721;Conjunto de Usinas;Solar;Conj. Alex;CJU_CEUFAL;-;2023-12-05 10:00:00;183.5;195.244;278.397;0.7013150285383822
NE;Nordeste;CE;CEARA;ALEX230kVA;Interior;-5.269671;-37.967945;-5.270944;-37.967721;Conjunto de Usinas;Solar;Conj. Alex;CJU_CEUFAL;-;2023-12-05 11:00:00;169.5;185.585;278.397;0.6666199707611791
NE;Nordeste;CE;CEARA;ALEX230kVA;Interior;-5.269671;-37.967945;-5.270944;-37.967721;Conjunto de Usinas;Solar;Conj. Alex;CJU_CEUFAL;-;2023-12-05 12:00:00;184.0;179.227;278.397;0.643782080985068
NE;Nordeste;CE;CEARA;ALEX230kVA;Interior;-5.269671;-37.967945;-5.270944;-37.967721;Conjunto de Usinas;Solar;Conj. Alex;CJU_CEUFAL;-;2023-12-05 13:00:00;195.0;192.314;278.397;0.6907904898400485
NE;Nordeste;CE;CEARA;ALEX230kVA;Interior;-5.269671;-37.967945;-5.270944;-37.967721;Conjunto de Usinas;Solar;Conj. Alex;CJU_CEUFAL;-;2023-12-05 14:00:00;185.0;178.452;278.397;0.6409982866194678
NE;Nordeste;CE;CEARA;ALEX230kVA;Interior;-5.269671;-37.967945;-5.270944;-37.967721;Conjunto de Usinas;Solar;Conj. Alex;CJU_CEUFAL;-;2023-12-05 15:00:00;150.0;216.907;278.397;0.7791283670441851
NE;Nordeste;CE;CEARA;ALEX230kVA;Interior;-5.269671;-37.967945;-5.270944;-37.967721;Conjunto de Usinas;Solar;Conj. Alex;CJU_CEUFAL;-;2023-12-05 16:00:00;80.5;125.977;278.397;0.4525084681228605
NE;Nordeste;CE;CEARA;ALEX230kVA;Interior;-5.269671;-37.967945;-5.270944;-37.967721;Conjunto de Usinas;Solar;Conj. Alex;CJU_CEUFAL;-;2023-12-05 17:00:00;3.0;5.302;278.397;0.0190447454534352
NE;Nordeste;CE;CEARA;ALEX230kVA;Interior;-5.269671;-37.967945;-5.270944;-37.967721;Conjunto de Usinas;Solar;Conj. Alex;CJU_CEUFAL;-;2023-12-05 18:00:00;0.0;0.0;278.397;0.0
NE;Nordeste;CE;CEARA;ALEX230kVA;Interior;-5.269671;-37.967945;-5.270944;-37.967721;Conjunto de Usinas;Solar;Conj. Alex;CJU_CEUFAL;-;2023-12-05 19:00:00;0.0;0.0;278.397;0.0
NE;Nordeste;CE;CEARA;ALEX230kVA;Interior;-5.269671;-37.967945;-5.270944;-37.967721;Conjunto de Usinas;Solar;Conj. Alex;CJU_CEUFAL;-;2023-12-05 20:00:00;0.0;0.0;278.397;0.0
NE;Nordeste;CE;CEARA;ALEX230kVA;Interior;-5.269671;-37.967945;-5.270944;-37.967721;Conjunto de Usinas;Solar;Conj. Alex;CJU_CEUFAL;-;2023-12-05 21:00:00;0.0;0.0;278.397;0.0
NE;Nordeste;CE;CEARA;ALEX230kVA;Interior;-5.269671;-37.967945;-5.270944;-37.967721;Conjunto de Usinas;Solar;Conj. Alex;CJU_CEUFAL;-;2023-12-05 22:00:00;0.0;0.0;278.397;0.0
NE;Nordeste;CE;CEARA;ALEX230kVA;Interior;-5.269671;-37.967945;-5.270944;-37.967721;Conjunto de Usinas;Solar;Conj. Alex;CJU_CEUFAL;-;2023-12-05 23:00:00;0.0;0.0;278.397;0.0
NE;Nordeste;CE;CEARA;ALEX230kVA;Interior;-5.269671;-37.967945;-5.270944;-37.967721;Conjunto de Usinas;Solar;Conj. Alex;CJU_CEUFAL;-;2023-12-06 00:00:00;0.0;0.0;278.397;0.0
NE;Nordeste;CE;CEARA;ALEX230kVA;Interior;-5.269671;-37.967945;-5.270944;-37.967721;Conjunto de Usinas;Solar;Conj. Alex;CJU_CEUFAL;-;2023-12-06 01:00:00;0.0;0.0;278.397;0.0
NE;Nordeste;CE;CEARA;ALEX230kVA;Interior;-5.269671;-37.967945;-5.270944;-37.967721;Conjunto de Usinas;Solar;Conj. Alex;CJU_CEUFAL;-;2023-12-06 02:00:00;0.0;0.0;278.397;0.0
NE;Nordeste;CE;CEARA;ALEX230kVA;Interior;-5.269671;-37.967945;-5.270944;-37.967721;Conjunto de Usinas;Solar;Conj. Alex;CJU_CEUFAL;-;2023-12-06 03:00:00;0.0;0.0;278.397;0.0
NE;Nordeste;CE;CEARA;ALEX230kVA;Interior;-5.269671;-37.967945;-5.270944;-37.967721;Conjunto de Usinas;Solar;Conj. Alex;CJU_CEUFAL;-;2023-12-06 04:00:00;0.0;0.0;278.397;0.0
NE;Nordeste;CE;CEARA;ALEX230kVA;Interior;-5.269671;-37.967945;-5.270944;-37.967721;Conjunto de Usinas;Solar;Conj. Alex;CJU_CEUFAL;-;2023-12-06 05:00:00;25.5;22.144;278.397;0.0795410870088398
NE;Nordeste;CE;CEARA;ALEX230kVA;Interior;-5.269671;-37.967945;-5.270944;-37.967721;Conjunto de Usinas;Solar;Conj. Alex;CJU_CEUFAL;-;2023-12-06 06:00:00;141.0;183.523;278.397;0.6592132817523177
NE;Nordeste;CE;CEARA;ALEX230kVA;Interior;-5.269671;-37.967945;-5.270944;-37.967721;Conjunto de Usinas;Solar;Conj. Alex;CJU_CEUFAL;-;2023-12-06 07:00:00;213.5;248.455;278.397;0.8924485536841273
NE;Nordeste;CE;CEARA;ALEX230kVA;Interior;-5.269671;-37.967945;-5.270944;-37.967721;Conjunto de Usinas;Solar;Conj. Alex;CJU_CEUFAL;-;2023-12-06 08:00:00;233.5;222.335;278.397;0.7986257035815759
NE;Nordeste;CE;CEARA;ALEX230kVA;Interior;-5.269671;-37.967945;-5.270944;-37.967721;Conjunto de Usinas;Solar;Conj. Alex;CJU_CEUFAL;-;2023-12-06 09:00:00;232.0;230.343;278.397;0.8273903813618682
NE;Nordeste;CE;CEARA;ALEX230kVA;Interior;-5.269671;-37.967945;-5.270944;-37.967721;Conjunto de Usinas;Solar;Conj. Alex;CJU_CEUFAL;-;2023-12-06 10:00:00;225.5;238.564;278.397;0.8569201535936091
NE;Nordeste;CE;CEARA;ALEX230kVA;Interior;-5.269671;-37.967945;-5.270944;-37.967721;Conjunto de Usinas;Solar;Conj. Alex;CJU_CEUFAL;-;2023-12-06 11:00:00;217.5;205.382;278.397;0.7377306508331627
NE;Nordeste;CE;CEARA;ALEX230kVA;Interior;-5.269671;-37.967945;-5.270944;-37.967721;Conjunto de Usinas;Solar;Conj. Alex;CJU_CEUFAL;-;2023-12-06 12:00:00;212.0;231.493;278.397;0.8315211730011458
NE;Nordeste;CE;CEARA;ALEX230kVA;Interior;-5.269671;-37.967945;-5.270944;-37.967721;Conjunto de Usinas;Solar;Conj. Alex;CJU_CEUFAL;-;2023-12-06 13:00:00;206.5;199.779;278.397;0.7176047155680556
NE;Nordeste;CE;CEARA;ALEX230kVA;Interior;-5.269671;-37.967945;-5.270944;-37.967721;Conjunto de Usinas;Solar;Conj. Alex;CJU_CEUFAL;-;2023-12-06 14:00:00;198.5;157.553;278.397;0.5659292305592373
NE;Nordeste;CE;CEARA;ALEX230kVA;Interior;-5.269671;-37.967945;-5.270944;-37.967721;Conjunto de Usinas;Solar;Conj. Alex;CJU_CEUFAL;-;2023-12-06 15:00:00;167.0;121.6;278.397;0.4367863159444965
NE;Nordeste;CE;CEARA;ALEX230kVA;Interior;-5.269671;-37.967945;-5.270944;-37.967721;Conjunto de Usinas;Solar;Conj. Alex;CJU_CEUFAL;-;2023-12-06 16:00:00;93.5;120.743;278.397;0.4337079781750521
NE;Nordeste;CE;CEARA;ALEX230kVA;Interior;-5.269671;-37.967945;-5.270944;-37.967721;Conjunto de Usinas;Solar;Conj. Alex;CJU_CEUFAL;-;2023-12-06 17:00:00;4.0;2.623;278.397;0.009421796930283
NE;Nordeste;CE;CEARA;ALEX230kVA;Interior;-5.269671;-37.967945;-5.270944;-37.967721;Conjunto de Usinas;Solar;Conj. Alex;CJU_CEUFAL;-;2023-12-06 18:00:00;0.0;0.0;278.397;0.0
NE;Nordeste;CE;CEARA;ALEX230kVA;Interior;-5.269671;-37.967945;-5.270944;-37.967721;Conjunto de Usinas;Solar;Conj. Alex;CJU_CEUFAL;-;2023-12-06 19:00:00;0.0;0.0;278.397;0.0
NE;Nordeste;CE;CEARA;ALEX230kVA;Interior;-5.269671;-37.967945;-5.270944;-37.967721;Conjunto de Usinas;Solar;Conj. Alex;CJU_CEUFAL;-;2023-12-06 20:00:00;0.0;0.0;278.397;0.0
NE;Nordeste;CE;CEARA;ALEX230kVA;Interior;-5.269671;-37.967945;-5.270944;-37.967721;Conjunto de Usinas;Solar;Conj. Alex;CJU_CEUFAL;-;2023-12-06 21:00:00;0.0;0.0;278.397;0.0
NE;Nordeste;CE;CEARA;ALEX230kVA;Interior;-5.269671;-37.967945;-5.270944;-37.967721;Conjunto de Usinas;Solar;Conj. Alex;CJU_CEUFAL;-;2023-12-06 22:00:00;0.0;0.0;278.397;0.0
NE;Nordeste;CE;CEARA;ALEX230kVA;Interior;-5.269671;-37.967945;-5.270944;-37.967721;Conjunto de Usinas;Solar;Conj. Alex;CJU_CEUFAL;-;2023-12-06 23:00:00;0.0;0.0;278.397;0.0
NE;Nordeste;CE;CEARA;ALEX230kVA;Interior;-5.269671;-37.967945;-5.270944;-37.967721;Conjunto de Usinas;Solar;Conj. Alex;CJU_CEUFAL;-;2023-12-07 00:00:00;0.0;0.0;278.397;0.0
NE;Nordeste;CE;CEARA;ALEX230kVA;Interior;-5.269671;-37.967945;-5.270944;-37.967721;Conjunto de Usinas;Solar;Conj. Alex;CJU_CEUFAL;-;2023-12-07 01:00:00;0.0;0.0;278.397;0.0
NE;Nordeste;CE;CEARA;ALEX230kVA;Interior;-5.269671;-37.967945;-5.270944;-37.967721;Conjunto de Usinas;Solar;Conj. Alex;CJU_CEUFAL;-;2023-12-07 02:00:00;0.0;0.0;278.397;0.0
NE;Nordeste;CE;CEARA;ALEX230kVA;Interior;-5.269671;-37.967945;-5.270944;-37.967721;Conjunto de Usinas;Solar;Conj. Alex;CJU_CEUFAL;-;2023-12-07 03:00:00;0.0;0.0;278.397;0.0
NE;Nordeste;CE;CEARA;ALEX230kVA;Interior;-5.269671;-37.967945;-5.270944;-37.967721;Conjunto de Usinas;Solar;Conj. Alex;CJU_CEUFAL;-;2023-12-07 04:00:00;0.0;0.0;278.397;0.0
NE;Nordeste;CE;CEARA;ALEX230kVA;Interior;-5.269671;-37.967945;-5.270944;-37.967721;Conjunto de Usinas;Solar;Conj. Alex;CJU_CEUFAL;-;2023-12-07 05:00:00;26.0;22.137;278.397;0.0795159430597312
NE;Nordeste;CE;CEARA;ALEX230kVA;Interior;-5.269671;-37.967945;-5.270944;-37.967721;Conjunto de Usinas;Solar;Conj. Alex;CJU_CEUFAL;-;2023-12-07 06:00:00;135.5;175.626;278.397;0.6308473151650341
NE;Nordeste;CE;CEARA;ALEX230kVA;Interior;-5.269671;-37.967945;-5.270944;-37.967721;Conjunto de Usinas;Solar;Conj. Alex;CJU_CEUFAL;-;2023-12-07 07:00:00;204.5;226.928;278.397;0.8151237261895781
NE;Nordeste;CE;CEARA;ALEX230kVA;Interior;-5.269671;-37.967945;-5.270944;-37.967721;Conjunto de Usinas;Solar;Conj. Alex;CJU_CEUFAL;-;2023-12-07 08:00:00;226.5;198.526;278.397;0.7131039486776078
NE;Nordeste;CE;CEARA;ALEX230kVA;Interior;-5.269671;-37.967945;-5.270944;-37.967721;Conjunto de Usinas;Solar;Conj. Alex;CJU_CEUFAL;-;2023-12-07 09:00:00;228.0;171.342;278.397;0.6154592183105421
NE;Nordeste;CE;CEARA;ALEX230kVA;Interior;-5.269671;-37.967945;-5.270944;-37.967721;Conjunto de Usinas;Solar;Conj. Alex;CJU_CEUFAL;-;2023-12-07 10:00:00;222.0;167.177;278.397;0.6004985685908971
NE;Nordeste;CE;CEARA;ALEX230kVA;Interior;-5.269671;-37.967945;-5.270944;-37.967721;Conjunto de Usinas;Solar;Conj. Alex;CJU_CEUFAL;-;2023-12-07 11:00:00;216.0;215.667;278.397;0.7746742960592247
NE;Nordeste;CE;CEARA;ALEX230kVA;Interior;-5.269671;-37.967945;-5.270944;-37.967721;Conjunto de Usinas;Solar;Conj. Alex;CJU_CEUFAL;-;2023-12-07 12:00:00;211.5;201.321;278.397;0.7231435683574176
NE;Nordeste;CE;CEARA;ALEX230kVA;Interior;-5.269671;-37.967945;-5.270944;-37.967721;Conjunto de Usinas;Solar;Conj. Alex;CJU_CEUFAL;-;2023-12-07 13:00:00;201.0;160.076;278.397;0.5749918282165396
NE;Nordeste;CE;CEARA;ALEX230kVA;Interior;-5.269671;-37.967945;-5.270944;-37.967721;Conjunto de Usinas;Solar;Conj. Alex;CJU_CEUFAL;-;2023-12-07 14:00:00;176.0;161.033;278.397;0.5784293652589647
NE;Nordeste;CE;CEARA;ALEX230kVA;Interior;-5.269671;-37.967945;-5.270944;-37.967721;Conjunto de Usinas;Solar;Conj. Alex;CJU_CEUFAL;-;2023-12-07 15:00:00;135.5;122.677;278.397;0.4406548921144983
NE;Nordeste;CE;CEARA;ALEX230kVA;Interior;-5.269671;-37.967945;-5.270944;-37.967721;Conjunto de Usinas;Solar;Conj. Alex;CJU_CEUFAL;-;2023-12-07 16:00:00;74.5;63.477;278.397;0.2280089225099408
NE;Nordeste;CE;CEARA;ALEX230kVA;Interior;-5.269671;-37.967945;-5.270944;-37.967721;Conjunto de Usinas;Solar;Conj. Alex;CJU_CEUFAL;-;2023-12-07 17:00:00;3.0;3.654;278.397;0.0131251414347137
NE;Nordeste;CE;CEARA;ALEX230kVA;Interior;-5.269671;-37.967945;-5.270944;-37.967721;Conjunto de Usinas;Solar;Conj. Alex;CJU_CEUFAL;-;2023-12-07 18:00:00;0.0;0.0;278.397;0.0
NE;Nordeste;CE;CEARA;ALEX230kVA;Interior;-5.269671;-37.967945;-5.270944;-37.967721;Conjunto de Usinas;Solar;Conj. Alex;CJU_CEUFAL;-;2023-12-07 19:00:00;0.0;0.0;278.397;0.0
NE;Nordeste;CE;CEARA;ALEX230kVA;Interior;-5.269671;-37.967945;-5.270944;-37.967721;Conjunto de Usinas;Solar;Conj. Alex;CJU_CEUFAL;-;2023-12-07 20:00:00;0.0;0.0;278.397;0.0
NE;Nordeste;CE;CEARA;ALEX230kVA;Interior;-5.269671;-37.967945;-5.270944;-37.967721;Conjunto de Usinas;Solar;Conj. Alex;CJU_CEUFAL;-;2023-12-07 21:00:00;0.0;0.0;278.397;0.0
NE;Nordeste;CE;CEARA;ALEX230kVA;Interior;-5.269671;-37.967945;-5.270944;-37.967721;Conjunto de Usinas;Solar;Conj. Alex;CJU_CEUFAL;-;2023-12-07 22:00:00;0.0;0.0;278.397;0.0
NE;Nordeste;CE;CEARA;ALEX230kVA;Interior;-5.269671;-37.967945;-5.270944;-37.967721;Conjunto de Usinas;Solar;Conj. Alex;CJU_CEUFAL;-;2023-12-07 23:00:00;0.0;0.0;278.397;0.0
NE;Nordeste;CE;CEARA;ALEX230kVA;Interior;-5.269671;-37.967945;-5.270944;-37.967721;Conjunto de Usinas;Solar;Conj. Alex;CJU_CEUFAL;-;2023-12-08 00:00:00;0.0;0.0;278.397;0.0
NE;Nordeste;CE;CEARA;ALEX230kVA;Interior;-5.269671;-37.967945;-5.270944;-37.967721;Conjunto de Usinas;Solar;Conj. Alex;CJU_CEUFAL;-;2023-12-08 01:00:00;0.0;0.0;278.397;0.0
NE;Nordeste;CE;CEARA;ALEX230kVA;Interior;-5.269671;-37.967945;-5.270944;-37.967721;Conjunto de Usinas;Solar;Conj. Alex;CJU_CEUFAL;-;2023-12-08 02:00:00;0.0;0.0;278.397;0.0
NE;Nordeste;CE;CEARA;ALEX230kVA;Interior;-5.269671;-37.967945;-5.270944;-37.967721;Conjunto de Usinas;Solar;Conj. Alex;CJU_CEUFAL;-;2023-12-08 03:00:00;0.0;0.0;278.397;0.0
NE;Nordeste;CE;CEARA;ALEX230kVA;Interior;-5.269671;-37.967945;-5.270944;-37.967721;Conjunto de Usinas;Solar;Conj. Alex;CJU_CEUFAL;-;2023-12-08 04:00:00;0.0;0.0;278.397;0.0
NE;Nordeste;CE;CEARA;ALEX230kVA;Interior;-5.269671;-37.967945;-5.270944;-37.967721;Conjunto de Usinas;Solar;Conj. Alex;CJU_CEUFAL;-;2023-12-08 05:00:00;25.5;11.626;278.397;0.0417605074767328
NE;Nordeste;CE;CEARA;ALEX230kVA;Interior;-5.269671;-37.967945;-5.270944;-37.967721;Conjunto de Usinas;Solar;Conj. Alex;CJU_CEUFAL;-;2023-12-08 06:00:00;134.0;145.076;278.397;0.5211119372694389
NE;Nordeste;CE;CEARA;ALEX230kVA;Interior;-5.269671;-37.967945;-5.270944;-37.967721;Conjunto de Usinas;Solar;Conj. Alex;CJU_CEUFAL;-;2023-12-08 07:00:00;199.5;215.795;278.397;0.77513407112864
NE;Nordeste;CE;CEARA;ALEX230kVA;Interior;-5.269671;-37.967945;-5.270944;-37.967721;Conjunto de Usinas;Solar;Conj. Alex;CJU_CEUFAL;-;2023-12-08 08:00:00;215.0;232.296;278.397;0.8344055431631806
NE;Nordeste;CE;CEARA;ALEX230kVA;Interior;-5.269671;-37.967945;-5.270944;-37.967721;Conjunto de Usinas;Solar;Conj. Alex;CJU_CEUFAL;-;2023-12-08 09:00:00;214.0;230.191;278.397;0.8268443984669375
NE;Nordeste;CE;CEARA;ALEX230kVA;Interior;-5.269671;-37.967945;-5.270944;-37.967721;Conjunto de Usinas;Solar;Conj. Alex;CJU_CEUFAL;-;2023-12-08 10:00:00;210.0;255.468;278.397;0.9176391986982618
NE;Nordeste;CE;CEARA;ALEX230kVA;Interior;-5.269671;-37.967945;-5.270944;-37.967721;Conjunto de Usinas;Solar;Conj. Alex;CJU_CEUFAL;-;2023-12-08 11:00:00;210.0;242.226;278.397;0.8700740309701613
NE;Nordeste;CE;CEARA;ALEX230kVA;Interior;-5.269671;-37.967945;-5.270944;-37.967721;Conjunto de Usinas;Solar;Conj. Alex;CJU_CEUFAL;-;2023-12-08 12:00:00;213.5;225.204;278.397;0.8089311307233914
NE;Nordeste;CE;CEARA;ALEX230kVA;Interior;-5.269671;-37.967945;-5.270944;-37.967721;Conjunto de Usinas;Solar;Conj. Alex;CJU_CEUFAL;-;2023-12-08 13:00:00;210.0;166.273;278.397;0.597251407163152
NE;Nordeste;CE;CEARA;ALEX230kVA;Interior;-5.269671;-37.967945;-5.270944;-37.967721;Conjunto de Usinas;Solar;Conj. Alex;CJU_CEUFAL;-;2023-12-08 14:00:00;196.5;96.944;278.397;0.3482221431983821
NE;Nordeste;CE;CEARA;ALEX230kVA;Interior;-5.269671;-37.967945;-5.270944;-37.967721;Conjunto de Usinas;Solar;Conj. Alex;CJU_CEUFAL;-;2023-12-08 15:00:00;158.0;165.737;278.397;0.5953260990599755
NE;Nordeste;CE;CEARA;ALEX230kVA;Interior;-5.269671;-37.967945;-5.270944;-37.967721;Conjunto de Usinas;Solar;Conj. Alex;CJU_CEUFAL;-;2023-12-08 16:00:00;82.5;43.178;278.397;0.1550950620875943
NE;Nordeste;CE;CEARA;ALEX230kVA;Interior;-5.269671;-37.967945;-5.270944;-37.967721;Conjunto de Usinas;Solar;Conj. Alex;CJU_CEUFAL;-;2023-12-08 17:00:00;3.5;9.297;278.397;0.033394756409013
NE;Nordeste;CE;CEARA;ALEX230kVA;Interior;-5.269671;-37.967945;-5.270944;-37.967721;Conjunto de Usinas;Solar;Conj. Alex;CJU_CEUFAL;-;2023-12-08 18:00:00;0.0;0.0;278.397;0.0
NE;Nordeste;CE;CEARA;ALEX230kVA;Interior;-5.269671;-37.967945;-5.270944;-37.967721;Conjunto de Usinas;Solar;Conj. Alex;CJU_CEUFAL;-;2023-12-08 19:00:00;0.0;0.0;278.397;0.0
NE;Nordeste;CE;CEARA;ALEX230kVA;Interior;-5.269671;-37.967945;-5.270944;-37.967721;Conjunto de Usinas;Solar;Conj. Alex;CJU_CEUFAL;-;2023-12-08 20:00:00;0.0;0.0;278.397;0.0
NE;Nordeste;CE;CEARA;ALEX230kVA;Interior;-5.269671;-37.967945;-5.270944;-37.967721;Conjunto de Usinas;Solar;Conj. Alex;CJU_CEUFAL;-;2023-12-08 21:00:00;0.0;0.0;278.397;0.0
NE;Nordeste;CE;CEARA;ALEX230kVA;Interior;-5.269671;-37.967945;-5.270944;-37.967721;Conjunto de Usinas;Solar;Conj. Alex;CJU_CEUFAL;-;2023-12-08 22:00:00;0.0;0.0;278.397;0.0
NE;Nordeste;CE;CEARA;ALEX230kVA;Interior;-5.269671;-37.967945;-5.270944;-37.967721;Conjunto de Usinas;Solar;Conj. Alex;CJU_CEUFAL;-;2023-12-08 23:00:00;0.0;0.0;278.397;0.0
NE;Nordeste;CE;CEARA;ALEX230kVA;Interior;-5.269671;-37.967945;-5.270944;-37.967721;Conjunto de Usinas;Solar;Conj. Alex;CJU_CEUFAL;-;2023-12-09 00:00:00;0.0;0.0;278.397;0.0
NE;Nordeste;CE;CEARA;ALEX230kVA;Interior;-5.269671;-37.967945;-5.270944;-37.967721;Conjunto de Usinas;Solar;Conj. Alex;CJU_CEUFAL;-;2023-12-09 01:00:00;0.0;0.0;278.397;0.0
NE;Nordeste;CE;CEARA;ALEX230kVA;Interior;-5.269671;-37.967945;-5.270944;-37.967721;Conjunto de Usinas;Solar;Conj. Alex;CJU_CEUFAL;-;2023-12-09 02:00:00;0.0;0.0;278.397;0.0
NE;Nordeste;CE;CEARA;ALEX230kVA;Interior;-5.269671;-37.967945;-5.270944;-37.967721;Conjunto de Usinas;Solar;Conj. Alex;CJU_CEUFAL;-;2023-12-09 03:00:00;0.0;0.0;278.397;0.0
NE;Nordeste;CE;CEARA;ALEX230kVA;Interior;-5.269671;-37.967945;-5.270944;-37.967721;Conjunto de Usinas;Solar;Conj. Alex;CJU_CEUFAL;-;2023-12-09 04:00:00;0.0;0.0;278.397;0.0
NE;Nordeste;CE;CEARA;ALEX230kVA;Interior;-5.269671;-37.967945;-5.270944;-37.967721;Conjunto de Usinas;Solar;Conj. Alex;CJU_CEUFAL;-;2023-12-09 05:00:00;25.5;9.563;278.397;0.0343502264751416
NE;Nordeste;CE;CEARA;ALEX230kVA;Interior;-5.269671;-37.967945;-5.270944;-37.967721;Conjunto de Usinas;Solar;Conj. Alex;CJU_CEUFAL;-;2023-12-09 06:00:00;128.0;35.235;278.397;0.1265638638347395
NE;Nordeste;CE;CEARA;ALEX230kVA;Interior;-5.269671;-37.967945;-5.270944;-37.967721;Conjunto de Usinas;Solar;Conj. Alex;CJU_CEUFAL;-;2023-12-09 07:00:00;191.0;68.987;278.397;0.2478008024511758
NE;Nordeste;CE;CEARA;ALEX230kVA;Interior;-5.269671;-37.967945;-5.270944;-37.967721;Conjunto de Usinas;Solar;Conj. Alex;CJU_CEUFAL;-;2023-12-09 08:00:00;209.5;64.533;278.397;0.2318020668326167
NE;Nordeste;CE;CEARA;ALEX230kVA;Interior;-5.269671;-37.967945;-5.270944;-37.967721;Conjunto de Usinas;Solar;Conj. Alex;CJU_CEUFAL;-;2023-12-09 09:00:00;208.5;64.647;278.397;0.2322115540038146
NE;Nordeste;CE;CEARA;ALEX230kVA;Interior;-5.269671;-37.967945;-5.270944;-37.967721;Conjunto de Usinas;Solar;Conj. Alex;CJU_CEUFAL;-;2023-12-09 10:00:00;200.5;245.304;278.397;0.8811301845925062
NE;Nordeste;CE;CEARA;ALEX230kVA;Interior;-5.269671;-37.967945;-5.270944;-37.967721;Conjunto de Usinas;Solar;Conj. Alex;CJU_CEUFAL;-;2023-12-09 11:00:00;197.5;244.844;278.397;0.8794778679367952
NE;Nordeste;CE;CEARA;ALEX230kVA;Interior;-5.269671;-37.967945;-5.270944;-37.967721;Conjunto de Usinas;Solar;Conj. Alex;CJU_CEUFAL;-;2023-12-09 12:00:00;199.5;195.301;278.397;0.7015197721239812
NE;Nordeste;CE;CEARA;ALEX230kVA;Interior;-5.269671;-37.967945;-5.270944;-37.967721;Conjunto de Usinas;Solar;Conj. Alex;CJU_CEUFAL;-;2023-12-09 13:00:00;177.0;194.486;278.397;0.6985922980491887
NE;Nordeste;CE;CEARA;ALEX230kVA;Interior;-5.269671;-37.967945;-5.270944;-37.967721;Conjunto de Usinas;Solar;Conj. Alex;CJU_CEUFAL;-;2023-12-09 14:00:00;148.5;188.452;278.397;0.676918213917535
NE;Nordeste;CE;CEARA;ALEX230kVA;Interior;-5.269671;-37.967945;-5.270944;-37.967721;Conjunto de Usinas;Solar;Conj. Alex;CJU_CEUFAL;-;2023-12-09 15:00:00;123.0;165.249;278.397;0.5935732066078298
NE;Nordeste;CE;CEARA;ALEX230kVA;Interior;-5.269671;-37.967945;-5.270944;-37.967721;Conjunto de Usinas;Solar;Conj. Alex;CJU_CEUFAL;-;2023-12-09 16:00:00;79.5;97.369;278.397;0.34974874010855
NE;Nordeste;CE;CEARA;ALEX230kVA;Interior;-5.269671;-37.967945;-5.270944;-37.967721;Conjunto de Usinas;Solar;Conj. Alex;CJU_CEUFAL;-;2023-12-09 17:00:00;3.0;7.2;278.397;0.0258623476546083
NE;Nordeste;CE;CEARA;ALEX230kVA;Interior;-5.269671;-37.967945;-5.270944;-37.967721;Conjunto de Usinas;Solar;Conj. Alex;CJU_CEUFAL;-;2023-12-09 18:00:00;0.0;0.0;278.397;0.0
NE;Nordeste;CE;CEARA;ALEX230kVA;Interior;-5.269671;-37.967945;-5.270944;-37.967721;Conjunto de Usinas;Solar;Conj. Alex;CJU_CEUFAL;-;2023-12-09 19:00:00;0.0;0.0;278.397;0.0
NE;Nordeste;CE;CEARA;ALEX230kVA;Interior;-5.269671;-37.967945;-5.270944;-37.967721;Conjunto de Usinas;Solar;Conj. Alex;CJU_CEUFAL;-;2023-12-09 20:00:00;0.0;0.0;278.397;0.0
NE;Nordeste;CE;CEARA;ALEX230kVA;Interior;-5.269671;-37.967945;-5.270944;-37.967721;Conjunto de Usinas;Solar;Conj. Alex;CJU_CEUFAL;-;2023-12-09 21:00:00;0.0;0.0;278.397;0.0
NE;Nordeste;CE;CEARA;ALEX230kVA;Interior;-5.269671;-37.967945;-5.270944;-37.967721;Conjunto de Usinas;Solar;Conj. Alex;CJU_CEUFAL;-;2023-12-09 22:00:00;0.0;0.0;278.397;0.0
NE;Nordeste;CE;CEARA;ALEX230kVA;Interior;-5.269671;-37.967945;-5.270944;-37.967721;Conjunto de Usinas;Solar;Conj. Alex;CJU_CEUFAL;-;2023-12-09 23:00:00;0.0;0.0;278.397;0.0
NE;Nordeste;CE;CEARA;ALEX230kVA;Interior;-5.269671;-37.967945;-5.270944;-37.967721;Conjunto de Usinas;Solar;Conj. Alex;CJU_CEUFAL;-;2023-12-10 00:00:00;0.0;0.0;278.397;0.0
NE;Nordeste;CE;CEARA;ALEX230kVA;Interior;-5.269671;-37.967945;-5.270944;-37.967721;Conjunto de Usinas;Solar;Conj. Alex;CJU_CEUFAL;-;2023-12-10 01:00:00;0.0;0.0;278.397;0.0
NE;Nordeste;CE;CEARA;ALEX230kVA;Interior;-5.269671;-37.967945;-5.270944;-37.967721;Conjunto de Usinas;Solar;Conj. Alex;CJU_CEUFAL;-;2023-12-10 02:00:00;0.0;0.0;278.397;0.0
NE;Nordeste;CE;CEARA;ALEX230kVA;Interior;-5.269671;-37.967945;-5.270944;-37.967721;Conjunto de Usinas;Solar;Conj. Alex;CJU_CEUFAL;-;2023-12-10 03:00:00;0.0;0.0;278.397;0.0
NE;Nordeste;CE;CEARA;ALEX230kVA;Interior;-5.269671;-37.967945;-5.270944;-37.967721;Conjunto de Usinas;Solar;Conj. Alex;CJU_CEUFAL;-;2023-12-10 04:00:00;0.0;0.0;278.397;0.0
NE;Nordeste;CE;CEARA;ALEX230kVA;Interior;-5.269671;-37.967945;-5.270944;-37.967721;Conjunto de Usinas;Solar;Conj. Alex;CJU_CEUFAL;-;2023-12-10 05:00:00;24.0;0.081;278.397;0.0002909514111143
NE;Nordeste;CE;CEARA;ALEX230kVA;Interior;-5.269671;-37.967945;-5.270944;-37.967721;Conjunto de Usinas;Solar;Conj. Alex;CJU_CEUFAL;-;2023-12-10 06:00:00;119.5;11.196;278.397;0.0402159506029159
NE;Nordeste;CE;CEARA;ALEX230kVA;Interior;-5.269671;-37.967945;-5.270944;-37.967721;Conjunto de Usinas;Solar;Conj. Alex;CJU_CEUFAL;-;2023-12-10 07:00:00;144.0;20.021;278.397;0.0719152864434602
NE;Nordeste;CE;CEARA;ALEX230kVA;Interior;-5.269671;-37.967945;-5.270944;-37.967721;Conjunto de Usinas;Solar;Conj. Alex;CJU_CEUFAL;-;2023-12-10 08:00:00;145.0;30.335;278.397;0.1089630994586866
NE;Nordeste;CE;CEARA;ALEX230kVA;Interior;-5.269671;-37.967945;-5.270944;-37.967721;Conjunto de Usinas;Solar;Conj. Alex;CJU_CEUFAL;-;2023-12-10 09:00:00;141.0;54.381;278.397;0.1953361566396189
NE;Nordeste;CE;CEARA;ALEX230kVA;Interior;-5.269671;-37.967945;-5.270944;-37.967721;Conjunto de Usinas;Solar;Conj. Alex;CJU_CEUFAL;-;2023-12-10 10:00:00;143.5;105.065;278.397;0.3773927161571424
NE;Nordeste;CE;CEARA;ALEX230kVA;Interior;-5.269671;-37.967945;-5.270944;-37.967721;Conjunto de Usinas;Solar;Conj. Alex;CJU_CEUFAL;-;2023-12-10 11:00:00;146.5;128.772;278.397;0.4625480878026702
NE;Nordeste;CE;CEARA;ALEX230kVA;Interior;-5.269671;-37.967945;-5.270944;-37.967721;Conjunto de Usinas;Solar;Conj. Alex;CJU_CEUFAL;-;2023-12-10 12:00:00;143.0;135.478;278.397;0.4866359910487541
NE;Nordeste;CE;CEARA;ALEX230kVA;Interior;-5.269671;-37.967945;-5.270944;-37.967721;Conjunto de Usinas;Solar;Conj. Alex;CJU_CEUFAL;-;2023-12-10 13:00:00;133.5;122.228;278.397;0.4390420873788151
NE;Nordeste;CE;CEARA;ALEX230kVA;Interior;-5.269671;-37.967945;-5.270944;-37.967721;Conjunto de Usinas;Solar;Conj. Alex;CJU_CEUFAL;-;2023-12-10 14:00:00;124.5;70.674;278.397;0.2538604941863597
NE;Nordeste;CE;CEARA;ALEX230kVA;Interior;-5.269671;-37.967945;-5.270944;-37.967721;Conjunto de Usinas;Solar;Conj. Alex;CJU_CEUFAL;-;2023-12-10 15:00:00;110.5;100.627;278.397;0.3614514524222602
NE;Nordeste;CE;CEARA;ALEX230kVA;Interior;-5.269671;-37.967945;-5.270944;-37.967721;Conjunto de Usinas;Solar;Conj. Alex;CJU_CEUFAL;-;2023-12-10 16:00:00;72.5;117.867;278.397;0.423377407084128
NE;Nordeste;CE;CEARA;ALEX230kVA;Interior;-5.269671;-37.967945;-5.270944;-37.967721;Conjunto de Usinas;Solar;Conj. Alex;CJU_CEUFAL;-;2023-12-10 17:00:00;3.5;9.083;278.397;0.0326260699648343
NE;Nordeste;CE;CEARA;ALEX230kVA;Interior;-5.269671;-37.967945;-5.270944;-37.967721;Conjunto de Usinas;Solar;Conj. Alex;CJU_CEUFAL;-;2023-12-10 18:00:00;0.0;0.0;278.397;0.0
NE;Nordeste;CE;CEARA;ALEX230kVA;Interior;-5.269671;-37.967945;-5.270944;-37.967721;Conjunto de Usinas;Solar;Conj. Alex;CJU_CEUFAL;-;2023-12-10 19:00:00;0.0;0.0;278.397;0.0
NE;Nordeste;CE;CEARA;ALEX230kVA;Interior;-5.269671;-37.967945;-5.270944;-37.967721;Conjunto de Usinas;Solar;Conj. Alex;CJU_CEUFAL;-;2023-12-10 20:00:00;0.0;0.0;278.397;0.0
NE;Nordeste;CE;CEARA;ALEX230kVA;Interior;-5.269671;-37.967945;-5.270944;-37.967721;Conjunto de Usinas;Solar;Conj. Alex;CJU_CEUFAL;-;2023-12-10 21:00:00;0.0;0.0;278.397;0.0
NE;Nordeste;CE;CEARA;ALEX230kVA;Interior;-5.269671;-37.967945;-5.270944;-37.967721;Conjunto de Usinas;Solar;Conj. Alex;CJU_CEUFAL;-;2023-12-10 22:00:00;0.0;0.0;278.397;0.0
NE;Nordeste;CE;CEARA;ALEX230kVA;Interior;-5.269671;-37.967945;-5.270944;-37.967721;Conjunto de Usinas;Solar;Conj. Alex;CJU_CEUFAL;-;2023-12-10 23:00:00;0.0;0.0;278.397;0.0
NE;Nordeste;CE;CEARA;ALEX230kVA;Interior;-5.269671;-37.967945;-5.270944;-37.967721;Conjunto de Usinas;Solar;Conj. Alex;CJU_CEUFAL;-;2023-12-11 00:00:00;0.0;0.0;278.397;0.0
NE;Nordeste;CE;CEARA;ALEX230kVA;Interior;-5.269671;-37.967945;-5.270944;-37.967721;Conjunto de Usinas;Solar;Conj. Alex;CJU_CEUFAL;-;2023-12-11 01:00:00;0.0;0.0;278.397;0.0
NE;Nordeste;CE;CEARA;ALEX230kVA;Interior;-5.269671;-37.967945;-5.270944;-37.967721;Conjunto de Usinas;Solar;Conj. Alex;CJU_CEUFAL;-;2023-12-11 02:00:00;0.0;0.0;278.397;0.0
NE;Nordeste;CE;CEARA;ALEX230kVA;Interior;-5.269671;-37.967945;-5.270944;-37.967721;Conjunto de Usinas;Solar;Conj. Alex;CJU_CEUFAL;-;2023-12-11 03:00:00;0.0;0.0;278.397;0.0
NE;Nordeste;CE;CEARA;ALEX230kVA;Interior;-5.269671;-37.967945;-5.270944;-37.967721;Conjunto de Usinas;Solar;Conj. Alex;CJU_CEUFAL;-;2023-12-11 04:00:00;0.0;0.0;278.397;0.0
NE;Nordeste;CE;CEARA;ALEX230kVA;Interior;-5.269671;-37.967945;-5.270944;-37.967721;Conjunto de Usinas;Solar;Conj. Alex;CJU_CEUFAL;-;2023-12-11 05:00:00;25.5;20.518;278.397;0.0737005068301741
NE;Nordeste;CE;CEARA;ALEX230kVA;Interior;-5.269671;-37.967945;-5.270944;-37.967721;Conjunto de Usinas;Solar;Conj. Alex;CJU_CEUFAL;-;2023-12-11 06:00:00;135.5;171.526;278.397;0.6161201449728265
NE;Nordeste;CE;CEARA;ALEX230kVA;Interior;-5.269671;-37.967945;-5.270944;-37.967721;Conjunto de Usinas;Solar;Conj. Alex;CJU_CEUFAL;-;2023-12-11 07:00:00;203.5;231.68;278.397;0.8321928756416197
NE;Nordeste;CE;CEARA;ALEX230kVA;Interior;-5.269671;-37.967945;-5.270944;-37.967721;Conjunto de Usinas;Solar;Conj. Alex;CJU_CEUFAL;-;2023-12-11 08:00:00;220.5;106.769;278.397;0.3835134717687331
NE;Nordeste;CE;CEARA;ALEX230kVA;Interior;-5.269671;-37.967945;-5.270944;-37.967721;Conjunto de Usinas;Solar;Conj. Alex;CJU_CEUFAL;-;2023-12-11 09:00:00;222.5;106.048;278.397;0.3809236450105424
NE;Nordeste;CE;CEARA;ALEX230kVA;Interior;-5.269671;-37.967945;-5.270944;-37.967721;Conjunto de Usinas;Solar;Conj. Alex;CJU_CEUFAL;-;2023-12-11 10:00:00;215.5;187.084;278.397;0.6720043678631594
NE;Nordeste;CE;CEARA;ALEX230kVA;Interior;-5.269671;-37.967945;-5.270944;-37.967721;Conjunto de Usinas;Solar;Conj. Alex;CJU_CEUFAL;-;2023-12-11 11:00:00;202.0;204.998;278.397;0.7363513256249169
NE;Nordeste;CE;CEARA;ALEX230kVA;Interior;-5.269671;-37.967945;-5.270944;-37.967721;Conjunto de Usinas;Solar;Conj. Alex;CJU_CEUFAL;-;2023-12-11 12:00:00;193.0;187.346;278.397;0.6729454699583688
NE;Nordeste;CE;CEARA;ALEX230kVA;Interior;-5.269671;-37.967945;-5.270944;-37.967721;Conjunto de Usinas;Solar;Conj. Alex;CJU_CEUFAL;-;2023-12-11 13:00:00;183.0;198.691;278.397;0.7136966274780259
NE;Nordeste;CE;CEARA;ALEX230kVA;Interior;-5.269671;-37.967945;-5.270944;-37.967721;Conjunto de Usinas;Solar;Conj. Alex;CJU_CEUFAL;-;2023-12-11 14:00:00;172.0;144.601;278.397;0.5194057407227807
NE;Nordeste;CE;CEARA;ALEX230kVA;Interior;-5.269671;-37.967945;-5.270944;-37.967721;Conjunto de Usinas;Solar;Conj. Alex;CJU_CEUFAL;-;2023-12-11 15:00:00;147.0;129.991;278.397;0.4669267269403046
NE;Nordeste;CE;CEARA;ALEX230kVA;Interior;-5.269671;-37.967945;-5.270944;-37.967721;Conjunto de Usinas;Solar;Conj. Alex;CJU_CEUFAL;-;2023-12-11 16:00:00;87.0;125.009;278.397;0.4490314191604076
NE;Nordeste;CE;CEARA;ALEX230kVA;Interior;-5.269671;-37.967945;-5.270944;-37.967721;Conjunto de Usinas;Solar;Conj. Alex;CJU_CEUFAL;-;2023-12-11 17:00:00;4.0;3.5;278.397;0.0125719745543235
NE;Nordeste;CE;CEARA;ALEX230kVA;Interior;-5.269671;-37.967945;-5.270944;-37.967721;Conjunto de Usinas;Solar;Conj. Alex;CJU_CEUFAL;-;2023-12-11 18:00:00;0.0;0.0;278.397;0.0
NE;Nordeste;CE;CEARA;ALEX230kVA;Interior;-5.269671;-37.967945;-5.270944;-37.967721;Conjunto de Usinas;Solar;Conj. Alex;CJU_CEUFAL;-;2023-12-11 19:00:00;0.0;0.0;278.397;0.0
NE;Nordeste;CE;CEARA;ALEX230kVA;Interior;-5.269671;-37.967945;-5.270944;-37.967721;Conjunto de Usinas;Solar;Conj. Alex;CJU_CEUFAL;-;2023-12-11 20:00:00;0.0;0.0;278.397;0.0
NE;Nordeste;CE;CEARA;ALEX230kVA;Interior;-5.269671;-37.967945;-5.270944;-37.967721;Conjunto de Usinas;Solar;Conj. Alex;CJU_CEUFAL;-;2023-12-11 21:00:00;0.0;0.0;278.397;0.0
NE;Nordeste;CE;CEARA;ALEX230kVA;Interior;-5.269671;-37.967945;-5.270944;-37.967721;Conjunto de Usinas;Solar;Conj. Alex;CJU_CEUFAL;-;2023-12-11 22:00:00;0.0;0.0;278.397;0.0
NE;Nordeste;CE;CEARA;ALEX230kVA;Interior;-5.269671;-37.967945;-5.270944;-37.967721;Conjunto de Usinas;Solar;Conj. Alex;CJU_CEUFAL;-;2023-12-11 23:00:00;0.0;0.0;278.397;0.0
NE;Nordeste;CE;CEARA;ALEX230kVA;Interior;-5.269671;-37.967945;-5.270944;-37.967721;Conjunto de Usinas;Solar;Conj. Alex;CJU_CEUFAL;-;2023-12-12 00:00:00;0.0;0.0;278.397;0.0
NE;Nordeste;CE;CEARA;ALEX230kVA;Interior;-5.269671;-37.967945;-5.270944;-37.967721;Conjunto de Usinas;Solar;Conj. Alex;CJU_CEUFAL;-;2023-12-12 01:00:00;0.0;0.0;278.397;0.0
NE;Nordeste;CE;CEARA;ALEX230kVA;Interior;-5.269671;-37.967945;-5.270944;-37.967721;Conjunto de Usinas;Solar;Conj. Alex;CJU_CEUFAL;-;2023-12-12 02:00:00;0.0;0.0;278.397;0.0
NE;Nordeste;CE;CEARA;ALEX230kVA;Interior;-5.269671;-37.967945;-5.270944;-37.967721;Conjunto de Usinas;Solar;Conj. Alex;CJU_CEUFAL;-;2023-12-12 03:00:00;0.0;0.0;278.397;0.0
NE;Nordeste;CE;CEARA;ALEX230kVA;Interior;-5.269671;-37.967945;-5.270944;-37.967721;Conjunto de Usinas;Solar;Conj. Alex;CJU_CEUFAL;-;2023-12-12 04:00:00;0.0;0.0;278.397;0.0
NE;Nordeste;CE;CEARA;ALEX230kVA;Interior;-5.269671;-37.967945;-5.270944;-37.967721;Conjunto de Usinas;Solar;Conj. Alex;CJU_CEUFAL;-;2023-12-12 05:00:00;24.5;19.279;278.397;0.0692500278379436
NE;Nordeste;CE;CEARA;ALEX230kVA;Interior;-5.269671;-37.967945;-5.270944;-37.967721;Conjunto de Usinas;Solar;Conj. Alex;CJU_CEUFAL;-;2023-12-12 06:00:00;135.5;176.353;278.397;0.6334586938796035
NE;Nordeste;CE;CEARA;ALEX230kVA;Interior;-5.269671;-37.967945;-5.270944;-37.967721;Conjunto de Usinas;Solar;Conj. Alex;CJU_CEUFAL;-;2023-12-12 07:00:00;205.5;204.947;278.397;0.7361681339956967
NE;Nordeste;CE;CEARA;ALEX230kVA;Interior;-5.269671;-37.967945;-5.270944;-37.967721;Conjunto de Usinas;Solar;Conj. Alex;CJU_CEUFAL;-;2023-12-12 08:00:00;225.5;157.191;278.397;0.5646289291910473
NE;Nordeste;CE;CEARA;ALEX230kVA;Interior;-5.269671;-37.967945;-5.270944;-37.967721;Conjunto de Usinas;Solar;Conj. Alex;CJU_CEUFAL;-;2023-12-12 09:00:00;229.5;257.036;278.397;0.9232714432985988
NE;Nordeste;CE;CEARA;ALEX230kVA;Interior;-5.269671;-37.967945;-5.270944;-37.967721;Conjunto de Usinas;Solar;Conj. Alex;CJU_CEUFAL;-;2023-12-12 10:00:00;235.0;276.315;278.397;0.9925214711365424
NE;Nordeste;CE;CEARA;ALEX230kVA;Interior;-5.269671;-37.967945;-5.270944;-37.967721;Conjunto de Usinas;Solar;Conj. Alex;CJU_CEUFAL;-;2023-12-12 11:00:00;235.5;274.345;278.397;0.9854452454588232
NE;Nordeste;CE;CEARA;ALEX230kVA;Interior;-5.269671;-37.967945;-5.270944;-37.967721;Conjunto de Usinas;Solar;Conj. Alex;CJU_CEUFAL;-;2023-12-12 12:00:00;230.5;245.086;278.397;0.8803471301774085
NE;Nordeste;CE;CEARA;ALEX230kVA;Interior;-5.269671;-37.967945;-5.270944;-37.967721;Conjunto de Usinas;Solar;Conj. Alex;CJU_CEUFAL;-;2023-12-12 13:00:00;219.0;230.557;278.397;0.8281590678060466
NE;Nordeste;CE;CEARA;ALEX230kVA;Interior;-5.269671;-37.967945;-5.270944;-37.967721;Conjunto de Usinas;Solar;Conj. Alex;CJU_CEUFAL;-;2023-12-12 14:00:00;201.5;144.666;278.397;0.5196392202502182
NE;Nordeste;CE;CEARA;ALEX230kVA;Interior;-5.269671;-37.967945;-5.270944;-37.967721;Conjunto de Usinas;Solar;Conj. Alex;CJU_CEUFAL;-;2023-12-12 15:00:00;162.5;148.973;278.397;0.5351099329374956
NE;Nordeste;CE;CEARA;ALEX230kVA;Interior;-5.269671;-37.967945;-5.270944;-37.967721;Conjunto de Usinas;Solar;Conj. Alex;CJU_CEUFAL;-;2023-12-12 16:00:00;87.0;74.628;278.397;0.2680632334400155
NE;Nordeste;CE;CEARA;ALEX230kVA;Interior;-5.269671;-37.967945;-5.270944;-37.967721;Conjunto de Usinas;Solar;Conj. Alex;CJU_CEUFAL;-;2023-12-12 17:00:00;4.0;4.699;278.397;0.0168787738373617
NE;Nordeste;CE;CEARA;ALEX230kVA;Interior;-5.269671;-37.967945;-5.270944;-37.967721;Conjunto de Usinas;Solar;Conj. Alex;CJU_CEUFAL;-;2023-12-12 18:00:00;0.0;0.0;278.397;0.0
NE;Nordeste;CE;CEARA;ALEX230kVA;Interior;-5.269671;-37.967945;-5.270944;-37.967721;Conjunto de Usinas;Solar;Conj. Alex;CJU_CEUFAL;-;2023-12-12 19:00:00;0.0;0.0;278.397;0.0
NE;Nordeste;CE;CEARA;ALEX230kVA;Interior;-5.269671;-37.967945;-5.270944;-37.967721;Conjunto de Usinas;Solar;Conj. Alex;CJU_CEUFAL;-;2023-12-12 20:00:00;0.0;0.0;278.397;0.0
NE;Nordeste;CE;CEARA;ALEX230kVA;Interior;-5.269671;-37.967945;-5.270944;-37.967721;Conjunto de Usinas;Solar;Conj. Alex;CJU_CEUFAL;-;2023-12-12 21:00:00;0.0;0.0;278.397;0.0
NE;Nordeste;CE;CEARA;ALEX230kVA;Interior;-5.269671;-37.967945;-5.270944;-37.967721;Conjunto de Usinas;Solar;Conj. Alex;CJU_CEUFAL;-;2023-12-12 22:00:00;0.0;0.0;278.397;0.0
NE;Nordeste;CE;CEARA;ALEX230kVA;Interior;-5.269671;-37.967945;-5.270944;-37.967721;Conjunto de Usinas;Solar;Conj. Alex;CJU_CEUFAL;-;2023-12-12 23:00:00;0.0;0.0;278.397;0.0
NE;Nordeste;CE;CEARA;ALEX230kVA;Interior;-5.269671;-37.967945;-5.270944;-37.967721;Conjunto de Usinas;Solar;Conj. Alex;CJU_CEUFAL;-;2023-12-13 00:00:00;0.0;0.0;278.397;0.0
NE;Nordeste;CE;CEARA;ALEX230kVA;Interior;-5.269671;-37.967945;-5.270944;-37.967721;Conjunto de Usinas;Solar;Conj. Alex;CJU_CEUFAL;-;2023-12-13 01:00:00;0.0;0.0;278.397;0.0
NE;Nordeste;CE;CEARA;ALEX230kVA;Interior;-5.269671;-37.967945;-5.270944;-37.967721;Conjunto de Usinas;Solar;Conj. Alex;CJU_CEUFAL;-;2023-12-13 02:00:00;0.0;0.0;278.397;0.0
NE;Nordeste;CE;CEARA;ALEX230kVA;Interior;-5.269671;-37.967945;-5.270944;-37.967721;Conjunto de Usinas;Solar;Conj. Alex;CJU_CEUFAL;-;2023-12-13 03:00:00;0.0;0.0;278.397;0.0
NE;Nordeste;CE;CEARA;ALEX230kVA;Interior;-5.269671;-37.967945;-5.270944;-37.967721;Conjunto de Usinas;Solar;Conj. Alex;CJU_CEUFAL;-;2023-12-13 04:00:00;0.0;0.0;278.397;0.0
NE;Nordeste;CE;CEARA;ALEX230kVA;Interior;-5.269671;-37.967945;-5.270944;-37.967721;Conjunto de Usinas;Solar;Conj. Alex;CJU_CEUFAL;-;2023-12-13 05:00:00;26.0;7.1;278.397;0.0255031483816276
NE;Nordeste;CE;CEARA;ALEX230kVA;Interior;-5.269671;-37.967945;-5.270944;-37.967721;Conjunto de Usinas;Solar;Conj. Alex;CJU_CEUFAL;-;2023-12-13 06:00:00;137.0;148.884;278.397;0.5347902455845429
NE;Nordeste;CE;CEARA;ALEX230kVA;Interior;-5.269671;-37.967945;-5.270944;-37.967721;Conjunto de Usinas;Solar;Conj. Alex;CJU_CEUFAL;-;2023-12-13 07:00:00;208.5;184.324;278.397;0.6620904679288929
NE;Nordeste;CE;CEARA;ALEX230kVA;Interior;-5.269671;-37.967945;-5.270944;-37.967721;Conjunto de Usinas;Solar;Conj. Alex;CJU_CEUFAL;-;2023-12-13 08:00:00;234.0;186.491;278.397;0.669874316174384
NE;Nordeste;CE;CEARA;ALEX230kVA;Interior;-5.269671;-37.967945;-5.270944;-37.967721;Conjunto de Usinas;Solar;Conj. Alex;CJU_CEUFAL;-;2023-12-13 09:00:00;242.0;186.383;278.397;0.6694863809595649
NE;Nordeste;CE;CEARA;ALEX230kVA;Interior;-5.269671;-37.967945;-5.270944;-37.967721;Conjunto de Usinas;Solar;Conj. Alex;CJU_CEUFAL;-;2023-12-13 10:00:00;248.0;186.394;278.397;0.6695258928795929
NE;Nordeste;CE;CEARA;ALEX230kVA;Interior;-5.269671;-37.967945;-5.270944;-37.967721;Conjunto de Usinas;Solar;Conj. Alex;CJU_CEUFAL;-;2023-12-13 11:00:00;245.0;186.364;278.397;0.6694181330976986
NE;Nordeste;CE;CEARA;ALEX230kVA;Interior;-5.269671;-37.967945;-5.270944;-37.967721;Conjunto de Usinas;Solar;Conj. Alex;CJU_CEUFAL;-;2023-12-13 12:00:00;234.5;211.2;278.397;0.7586288645351781
NE;Nordeste;CE;CEARA;ALEX230kVA;Interior;-5.269671;-37.967945;-5.270944;-37.967721;Conjunto de Usinas;Solar;Conj. Alex;CJU_CEUFAL;-;2023-12-13 13:00:00;224.0;158.143;278.397;0.5680485062698233
NE;Nordeste;CE;CEARA;ALEX230kVA;Interior;-5.269671;-37.967945;-5.270944;-37.967721;Conjunto de Usinas;Solar;Conj. Alex;CJU_CEUFAL;-;2023-12-13 14:00:00;206.0;150.26;278.397;0.5397328275807569
NE;Nordeste;CE;CEARA;ALEX230kVA;Interior;-5.269671;-37.967945;-5.270944;-37.967721;Conjunto de Usinas;Solar;Conj. Alex;CJU_CEUFAL;-;2023-12-13 15:00:00;165.5;191.84;278.397;0.6890878852861201
NE;Nordeste;CE;CEARA;ALEX230kVA;Interior;-5.269671;-37.967945;-5.270944;-37.967721;Conjunto de Usinas;Solar;Conj. Alex;CJU_CEUFAL;-;2023-12-13 16:00:00;86.0;120.622;278.397;0.4332733470547455
NE;Nordeste;CE;CEARA;ALEX230kVA;Interior;-5.269671;-37.967945;-5.270944;-37.967721;Conjunto de Usinas;Solar;Conj. Alex;CJU_CEUFAL;-;2023-12-13 17:00:00;4.0;9.861;278.397;0.035420640308624
NE;Nordeste;CE;CEARA;ALEX230kVA;Interior;-5.269671;-37.967945;-5.270944;-37.967721;Conjunto de Usinas;Solar;Conj. Alex;CJU_CEUFAL;-;2023-12-13 18:00:00;0.0;0.0;278.397;0.0
NE;Nordeste;CE;CEARA;ALEX230kVA;Interior;-5.269671;-37.967945;-5.270944;-37.967721;Conjunto de Usinas;Solar;Conj. Alex;CJU_CEUFAL;-;2023-12-13 19:00:00;0.0;0.0;278.397;0.0
NE;Nordeste;CE;CEARA;ALEX230kVA;Interior;-5.269671;-37.967945;-5.270944;-37.967721;Conjunto de Usinas;Solar;Conj. Alex;CJU_CEUFAL;-;2023-12-13 20:00:00;0.0;0.0;278.397;0.0
NE;Nordeste;CE;CEARA;ALEX230kVA;Interior;-5.269671;-37.967945;-5.270944;-37.967721;Conjunto de Usinas;Solar;Conj. Alex;CJU_CEUFAL;-;2023-12-13 21:00:00;0.0;0.0;278.397;0.0
NE;Nordeste;CE;CEARA;ALEX230kVA;Interior;-5.269671;-37.967945;-5.270944;-37.967721;Conjunto de Usinas;Solar;Conj. Alex;CJU_CEUFAL;-;2023-12-13 22:00:00;0.0;0.0;278.397;0.0
NE;Nordeste;CE;CEARA;ALEX230kVA;Interior;-5.269671;-37.967945;-5.270944;-37.967721;Conjunto de Usinas;Solar;Conj. Alex;CJU_CEUFAL;-;2023-12-13 23:00:00;0.0;0.0;278.397;0.0
NE;Nordeste;CE;CEARA;ALEX230kVA;Interior;-5.269671;-37.967945;-5.270944;-37.967721;Conjunto de Usinas;Solar;Conj. Alex;CJU_CEUFAL;-;2023-12-14 00:00:00;0.0;0.0;278.397;0.0
NE;Nordeste;CE;CEARA;ALEX230kVA;Interior;-5.269671;-37.967945;-5.270944;-37.967721;Conjunto de Usinas;Solar;Conj. Alex;CJU_CEUFAL;-;2023-12-14 01:00:00;0.0;0.0;278.397;0.0
NE;Nordeste;CE;CEARA;ALEX230kVA;Interior;-5.269671;-37.967945;-5.270944;-37.967721;Conjunto de Usinas;Solar;Conj. Alex;CJU_CEUFAL;-;2023-12-14 02:00:00;0.0;0.0;278.397;0.0
NE;Nordeste;CE;CEARA;ALEX230kVA;Interior;-5.269671;-37.967945;-5.270944;-37.967721;Conjunto de Usinas;Solar;Conj. Alex;CJU_CEUFAL;-;2023-12-14 03:00:00;0.0;0.0;278.397;0.0
NE;Nordeste;CE;CEARA;ALEX230kVA;Interior;-5.269671;-37.967945;-5.270944;-37.967721;Conjunto de Usinas;Solar;Conj. Alex;CJU_CEUFAL;-;2023-12-14 04:00:00;0.0;0.0;278.397;0.0
NE;Nordeste;CE;CEARA;ALEX230kVA;Interior;-5.269671;-37.967945;-5.270944;-37.967721;Conjunto de Usinas;Solar;Conj. Alex;CJU_CEUFAL;-;2023-12-14 05:00:00;24.0;9.007;278.397;0.032353078517369
NE;Nordeste;CE;CEARA;ALEX230kVA;Interior;-5.269671;-37.967945;-5.270944;-37.967721;Conjunto de Usinas;Solar;Conj. Alex;CJU_CEUFAL;-;2023-12-14 06:00:00;137.5;19.362;278.397;0.0695481632345176
NE;Nordeste;CE;CEARA;ALEX230kVA;Interior;-5.269671;-37.967945;-5.270944;-37.967721;Conjunto de Usinas;Solar;Conj. Alex;CJU_CEUFAL;-;2023-12-14 07:00:00;213.0;19.033;278.397;0.0683663976264112
NE;Nordeste;CE;CEARA;ALEX230kVA;Interior;-5.269671;-37.967945;-5.270944;-37.967721;Conjunto de Usinas;Solar;Conj. Alex;CJU_CEUFAL;-;2023-12-14 08:00:00;241.5;19.312;278.397;0.0693685635980272
NE;Nordeste;CE;CEARA;ALEX230kVA;Interior;-5.269671;-37.967945;-5.270944;-37.967721;Conjunto de Usinas;Solar;Conj. Alex;CJU_CEUFAL;-;2023-12-14 09:00:00;253.5;18.791;278.397;0.0674971353857979
NE;Nordeste;CE;CEARA;ALEX230kVA;Interior;-5.269671;-37.967945;-5.270944;-37.967721;Conjunto de Usinas;Solar;Conj. Alex;CJU_CEUFAL;-;2023-12-14 10:00:00;264.0;19.292;278.397;0.0692967237434311
NE;Nordeste;CE;CEARA;ALEX230kVA;Interior;-5.269671;-37.967945;-5.270944;-37.967721;Conjunto de Usinas;Solar;Conj. Alex;CJU_CEUFAL;-;2023-12-14 11:00:00;258.5;19.051;278.397;0.0684310534955477
NE;Nordeste;CE;CEARA;ALEX230kVA;Interior;-5.269671;-37.967945;-5.270944;-37.967721;Conjunto de Usinas;Solar;Conj. Alex;CJU_CEUFAL;-;2023-12-14 12:00:00;242.0;19.169;278.397;0.0688549086376649
NE;Nordeste;CE;CEARA;ALEX230kVA;Interior;-5.269671;-37.967945;-5.270944;-37.967721;Conjunto de Usinas;Solar;Conj. Alex;CJU_CEUFAL;-;2023-12-14 13:00:00;227.5;19.517;278.397;0.0701049221076376
NE;Nordeste;CE;CEARA;ALEX230kVA;Interior;-5.269671;-37.967945;-5.270944;-37.967721;Conjunto de Usinas;Solar;Conj. Alex;CJU_CEUFAL;-;2023-12-14 14:00:00;213.0;19.284;278.397;0.0692679878015926
NE;Nordeste;CE;CEARA;ALEX230kVA;Interior;-5.269671;-37.967945;-5.270944;-37.967721;Conjunto de Usinas;Solar;Conj. Alex;CJU_CEUFAL;-;2023-12-14 15:00:00;178.0;19.384;278.397;0.0696271870745733
NE;Nordeste;CE;CEARA;ALEX230kVA;Interior;-5.269671;-37.967945;-5.270944;-37.967721;Conjunto de Usinas;Solar;Conj. Alex;CJU_CEUFAL;-;2023-12-14 16:00:00;103.5;19.281;278.397;0.0692572118234032
NE;Nordeste;CE;CEARA;ALEX230kVA;Interior;-5.269671;-37.967945;-5.270944;-37.967721;Conjunto de Usinas;Solar;Conj. Alex;CJU_CEUFAL;-;2023-12-14 17:00:00;5.0;6.954;278.397;0.0249787174430758
NE;Nordeste;CE;CEARA;ALEX230kVA;Interior;-5.269671;-37.967945;-5.270944;-37.967721;Conjunto de Usinas;Solar;Conj. Alex;CJU_CEUFAL;-;2023-12-14 18:00:00;0.0;0.0;278.397;0.0
NE;Nordeste;CE;CEARA;ALEX230kVA;Interior;-5.269671;-37.967945;-5.270944;-37.967721;Conjunto de Usinas;Solar;Conj. Alex;CJU_CEUFAL;-;2023-12-14 19:00:00;0.0;0.0;278.397;0.0
NE;Nordeste;CE;CEARA;ALEX230kVA;Interior;-5.269671;-37.967945;-5.270944;-37.967721;Conjunto de Usinas;Solar;Conj. Alex;CJU_CEUFAL;-;2023-12-14 20:00:00;0.0;0.0;278.397;0.0
NE;Nordeste;CE;CEARA;ALEX230kVA;Interior;-5.269671;-37.967945;-5.270944;-37.967721;Conjunto de Usinas;Solar;Conj. Alex;CJU_CEUFAL;-;2023-12-14 21:00:00;0.0;0.0;278.397;0.0
NE;Nordeste;CE;CEARA;ALEX230kVA;Interior;-5.269671;-37.967945;-5.270944;-37.967721;Conjunto de Usinas;Solar;Conj. Alex;CJU_CEUFAL;-;2023-12-14 22:00:00;0.0;0.0;278.397;0.0
NE;Nordeste;CE;CEARA;ALEX230kVA;Interior;-5.269671;-37.967945;-5.270944;-37.967721;Conjunto de Usinas;Solar;Conj. Alex;CJU_CEUFAL;-;2023-12-14 23:00:00;0.0;0.0;278.397;0.0
NE;Nordeste;CE;CEARA;ALEX230kVA;Interior;-5.269671;-37.967945;-5.270944;-37.967721;Conjunto de Usinas;Solar;Conj. Alex;CJU_CEUFAL;-;2023-12-15 00:00:00;0.0;0.0;278.397;0.0
NE;Nordeste;CE;CEARA;ALEX230kVA;Interior;-5.269671;-37.967945;-5.270944;-37.967721;Conjunto de Usinas;Solar;Conj. Alex;CJU_CEUFAL;-;2023-12-15 01:00:00;0.0;0.0;278.397;0.0
NE;Nordeste;CE;CEARA;ALEX230kVA;Interior;-5.269671;-37.967945;-5.270944;-37.967721;Conjunto de Usinas;Solar;Conj. Alex;CJU_CEUFAL;-;2023-12-15 02:00:00;0.0;0.0;278.397;0.0
NE;Nordeste;CE;CEARA;ALEX230kVA;Interior;-5.269671;-37.967945;-5.270944;-37.967721;Conjunto de Usinas;Solar;Conj. Alex;CJU_CEUFAL;-;2023-12-15 03:00:00;0.0;0.0;278.397;0.0
NE;Nordeste;CE;CEARA;ALEX230kVA;Interior;-5.269671;-37.967945;-5.270944;-37.967721;Conjunto de Usinas;Solar;Conj. Alex;CJU_CEUFAL;-;2023-12-15 04:00:00;0.0;0.0;278.397;0.0
NE;Nordeste;CE;CEARA;ALEX230kVA;Interior;-5.269671;-37.967945;-5.270944;-37.967721;Conjunto de Usinas;Solar;Conj. Alex;CJU_CEUFAL;-;2023-12-15 05:00:00;24.0;22.883;278.397;0.082195569636167
NE;Nordeste;CE;CEARA;ALEX230kVA;Interior;-5.269671;-37.967945;-5.270944;-37.967721;Conjunto de Usinas;Solar;Conj. Alex;CJU_CEUFAL;-;2023-12-15 06:00:00;135.5;103.451;278.397;0.3715952398912344
NE;Nordeste;CE;CEARA;ALEX230kVA;Interior;-5.269671;-37.967945;-5.270944;-37.967721;Conjunto de Usinas;Solar;Conj. Alex;CJU_CEUFAL;-;2023-12-15 07:00:00;208.0;121.871;278.397;0.4377597459742741
NE;Nordeste;CE;CEARA;ALEX230kVA;Interior;-5.269671;-37.967945;-5.270944;-37.967721;Conjunto de Usinas;Solar;Conj. Alex;CJU_CEUFAL;-;2023-12-15 08:00:00;232.0;121.786;278.397;0.4374544265922405
NE;Nordeste;CE;CEARA;ALEX230kVA;Interior;-5.269671;-37.967945;-5.270944;-37.967721;Conjunto de Usinas;Solar;Conj. Alex;CJU_CEUFAL;-;2023-12-15 09:00:00;238.5;121.807;278.397;0.4375298584395665
NE;Nordeste;CE;CEARA;ALEX230kVA;Interior;-5.269671;-37.967945;-5.270944;-37.967721;Conjunto de Usinas;Solar;Conj. Alex;CJU_CEUFAL;-;2023-12-15 10:00:00;241.5;121.814;278.397;0.4375550023886751
NE;Nordeste;CE;CEARA;ALEX230kVA;Interior;-5.269671;-37.967945;-5.270944;-37.967721;Conjunto de Usinas;Solar;Conj. Alex;CJU_CEUFAL;-;2023-12-15 11:00:00;235.5;121.656;278.397;0.4369874675373657
NE;Nordeste;CE;CEARA;ALEX230kVA;Interior;-5.269671;-37.967945;-5.270944;-37.967721;Conjunto de Usinas;Solar;Conj. Alex;CJU_CEUFAL;-;2023-12-15 12:00:00;225.5;168.462;278.397;0.6051142792486988
NE;Nordeste;CE;CEARA;ALEX230kVA;Interior;-5.269671;-37.967945;-5.270944;-37.967721;Conjunto de Usinas;Solar;Conj. Alex;CJU_CEUFAL;-;2023-12-15 13:00:00;208.5;173.308;278.397;0.6225210760173421
NE;Nordeste;CE;CEARA;ALEX230kVA;Interior;-5.269671;-37.967945;-5.270944;-37.967721;Conjunto de Usinas;Solar;Conj. Alex;CJU_CEUFAL;-;2023-12-15 14:00:00;176.5;140.121;278.397;0.5033136132932466
NE;Nordeste;CE;CEARA;ALEX230kVA;Interior;-5.269671;-37.967945;-5.270944;-37.967721;Conjunto de Usinas;Solar;Conj. Alex;CJU_CEUFAL;-;2023-12-15 15:00:00;134.0;154.098;278.397;0.5535188956777551
NE;Nordeste;CE;CEARA;ALEX230kVA;Interior;-5.269671;-37.967945;-5.270944;-37.967721;Conjunto de Usinas;Solar;Conj. Alex;CJU_CEUFAL;-;2023-12-15 16:00:00;75.0;112.233;278.397;0.403140120044397
NE;Nordeste;CE;CEARA;ALEX230kVA;Interior;-5.269671;-37.967945;-5.270944;-37.967721;Conjunto de Usinas;Solar;Conj. Alex;CJU_CEUFAL;-;2023-12-15 17:00:00;4.5;1.451;278.397;0.0052119814509495
NE;Nordeste;CE;CEARA;ALEX230kVA;Interior;-5.269671;-37.967945;-5.270944;-37.967721;Conjunto de Usinas;Solar;Conj. Alex;CJU_CEUFAL;-;2023-12-15 18:00:00;0.0;0.0;278.397;0.0
NE;Nordeste;CE;CEARA;ALEX230kVA;Interior;-5.269671;-37.967945;-5.270944;-37.967721;Conjunto de Usinas;Solar;Conj. Alex;CJU_CEUFAL;-;2023-12-15 19:00:00;0.0;0.0;278.397;0.0
NE;Nordeste;CE;CEARA;ALEX230kVA;Interior;-5.269671;-37.967945;-5.270944;-37.967721;Conjunto de Usinas;Solar;Conj. Alex;CJU_CEUFAL;-;2023-12-15 20:00:00;0.0;0.0;278.397;0.0
NE;Nordeste;CE;CEARA;ALEX230kVA;Interior;-5.269671;-37.967945;-5.270944;-37.967721;Conjunto de Usinas;Solar;Conj. Alex;CJU_CEUFAL;-;2023-12-15 21:00:00;0.0;0.0;278.397;0.0
NE;Nordeste;CE;CEARA;ALEX230kVA;Interior;-5.269671;-37.967945;-5.270944;-37.967721;Conjunto de Usinas;Solar;Conj. Alex;CJU_CEUFAL;-;2023-12-15 22:00:00;0.0;0.0;278.397;0.0
NE;Nordeste;CE;CEARA;ALEX230kVA;Interior;-5.269671;-37.967945;-5.270944;-37.967721;Conjunto de Usinas;Solar;Conj. Alex;CJU_CEUFAL;-;2023-12-15 23:00:00;0.0;0.0;278.397;0.0
NE;Nordeste;CE;CEARA;ALEX230kVA;Interior;-5.269671;-37.967945;-5.270944;-37.967721;Conjunto de Usinas;Solar;Conj. Alex;CJU_CEUFAL;-;2023-12-16 00:00:00;0.0;0.0;278.397;0.0
NE;Nordeste;CE;CEARA;ALEX230kVA;Interior;-5.269671;-37.967945;-5.270944;-37.967721;Conjunto de Usinas;Solar;Conj. Alex;CJU_CEUFAL;-;2023-12-16 01:00:00;0.0;0.0;278.397;0.0
NE;Nordeste;CE;CEARA;ALEX230kVA;Interior;-5.269671;-37.967945;-5.270944;-37.967721;Conjunto de Usinas;Solar;Conj. Alex;CJU_CEUFAL;-;2023-12-16 02:00:00;0.0;0.0;278.397;0.0
NE;Nordeste;CE;CEARA;ALEX230kVA;Interior;-5.269671;-37.967945;-5.270944;-37.967721;Conjunto de Usinas;Solar;Conj. Alex;CJU_CEUFAL;-;2023-12-16 03:00:00;0.0;0.0;278.397;0.0
NE;Nordeste;CE;CEARA;ALEX230kVA;Interior;-5.269671;-37.967945;-5.270944;-37.967721;Conjunto de Usinas;Solar;Conj. Alex;CJU_CEUFAL;-;2023-12-16 04:00:00;0.0;0.0;278.397;0.0
NE;Nordeste;CE;CEARA;ALEX230kVA;Interior;-5.269671;-37.967945;-5.270944;-37.967721;Conjunto de Usinas;Solar;Conj. Alex;CJU_CEUFAL;-;2023-12-16 05:00:00;22.5;0.772;278.397;0.0027730183874107
NE;Nordeste;CE;CEARA;ALEX230kVA;Interior;-5.269671;-37.967945;-5.270944;-37.967721;Conjunto de Usinas;Solar;Conj. Alex;CJU_CEUFAL;-;2023-12-16 06:00:00;129.5;15.498;278.397;0.0556687033265444
NE;Nordeste;CE;CEARA;ALEX230kVA;Interior;-5.269671;-37.967945;-5.270944;-37.967721;Conjunto de Usinas;Solar;Conj. Alex;CJU_CEUFAL;-;2023-12-16 07:00:00;196.5;55.508;278.397;0.1993843324461111
NE;Nordeste;CE;CEARA;ALEX230kVA;Interior;-5.269671;-37.967945;-5.270944;-37.967721;Conjunto de Usinas;Solar;Conj. Alex;CJU_CEUFAL;-;2023-12-16 08:00:00;213.0;148.318;278.397;0.5327571776994723
NE;Nordeste;CE;CEARA;ALEX230kVA;Interior;-5.269671;-37.967945;-5.270944;-37.967721;Conjunto de Usinas;Solar;Conj. Alex;CJU_CEUFAL;-;2023-12-16 09:00:00;212.0;252.19;278.397;0.9058646465299554
NE;Nordeste;CE;CEARA;ALEX230kVA;Interior;-5.269671;-37.967945;-5.270944;-37.967721;Conjunto de Usinas;Solar;Conj. Alex;CJU_CEUFAL;-;2023-12-16 10:00:00;203.5;255.835;278.397;0.9189574600301008
NE;Nordeste;CE;CEARA;ALEX230kVA;Interior;-5.269671;-37.967945;-5.270944;-37.967721;Conjunto de Usinas;Solar;Conj. Alex;CJU_CEUFAL;-;2023-12-16 11:00:00;189.5;202.124;278.397;0.7260279385194524
NE;Nordeste;CE;CEARA;ALEX230kVA;Interior;-5.269671;-37.967945;-5.270944;-37.967721;Conjunto de Usinas;Solar;Conj. Alex;CJU_CEUFAL;-;2023-12-16 12:00:00;181.5;189.408;278.397;0.6803521589672302
NE;Nordeste;CE;CEARA;ALEX230kVA;Interior;-5.269671;-37.967945;-5.270944;-37.967721;Conjunto de Usinas;Solar;Conj. Alex;CJU_CEUFAL;-;2023-12-16 13:00:00;165.5;197.098;278.397;0.7079745830594438
NE;Nordeste;CE;CEARA;ALEX230kVA;Interior;-5.269671;-37.967945;-5.270944;-37.967721;Conjunto de Usinas;Solar;Conj. Alex;CJU_CEUFAL;-;2023-12-16 14:00:00;142.5;129.834;278.397;0.466362784081725
NE;Nordeste;CE;CEARA;ALEX230kVA;Interior;-5.269671;-37.967945;-5.270944;-37.967721;Conjunto de Usinas;Solar;Conj. Alex;CJU_CEUFAL;-;2023-12-16 15:00:00;119.0;171.617;278.397;0.6164470163112389
NE;Nordeste;CE;CEARA;ALEX230kVA;Interior;-5.269671;-37.967945;-5.270944;-37.967721;Conjunto de Usinas;Solar;Conj. Alex;CJU_CEUFAL;-;2023-12-16 16:00:00;78.0;51.958;278.397;0.1866327582552972
NE;Nordeste;CE;CEARA;ALEX230kVA;Interior;-5.269671;-37.967945;-5.270944;-37.967721;Conjunto de Usinas;Solar;Conj. Alex;CJU_CEUFAL;-;2023-12-16 17:00:00;3.5;1.762;278.397;0.0063290911899194
NE;Nordeste;CE;CEARA;ALEX230kVA;Interior;-5.269671;-37.967945;-5.270944;-37.967721;Conjunto de Usinas;Solar;Conj. Alex;CJU_CEUFAL;-;2023-12-16 18:00:00;0.0;0.0;278.397;0.0
NE;Nordeste;CE;CEARA;ALEX230kVA;Interior;-5.269671;-37.967945;-5.270944;-37.967721;Conjunto de Usinas;Solar;Conj. Alex;CJU_CEUFAL;-;2023-12-16 19:00:00;0.0;0.0;278.397;0.0
NE;Nordeste;CE;CEARA;ALEX230kVA;Interior;-5.269671;-37.967945;-5.270944;-37.967721;Conjunto de Usinas;Solar;Conj. Alex;CJU_CEUFAL;-;2023-12-16 20:00:00;0.0;0.0;278.397;0.0
NE;Nordeste;CE;CEARA;ALEX230kVA;Interior;-5.269671;-37.967945;-5.270944;-37.967721;Conjunto de Usinas;Solar;Conj. Alex;CJU_CEUFAL;-;2023-12-16 21:00:00;0.0;0.0;278.397;0.0
NE;Nordeste;CE;CEARA;ALEX230kVA;Interior;-5.269671;-37.967945;-5.270944;-37.967721;Conjunto de Usinas;Solar;Conj. Alex;CJU_CEUFAL;-;2023-12-16 22:00:00;0.0;0.0;278.397;0.0
NE;Nordeste;CE;CEARA;ALEX230kVA;Interior;-5.269671;-37.967945;-5.270944;-37.967721;Conjunto de Usinas;Solar;Conj. Alex;CJU_CEUFAL;-;2023-12-16 23:00:00;0.0;0.0;278.397;0.0
NE;Nordeste;CE;CEARA;ALEX230kVA;Interior;-5.269671;-37.967945;-5.270944;-37.967721;Conjunto de Usinas;Solar;Conj. Alex;CJU_CEUFAL;-;2023-12-17 00:00:00;0.0;0.0;278.397;0.0
NE;Nordeste;CE;CEARA;ALEX230kVA;Interior;-5.269671;-37.967945;-5.270944;-37.967721;Conjunto de Usinas;Solar;Conj. Alex;CJU_CEUFAL;-;2023-12-17 01:00:00;0.0;0.0;278.397;0.0
NE;Nordeste;CE;CEARA;ALEX230kVA;Interior;-5.269671;-37.967945;-5.270944;-37.967721;Conjunto de Usinas;Solar;Conj. Alex;CJU_CEUFAL;-;2023-12-17 02:00:00;0.0;0.0;278.397;0.0
NE;Nordeste;CE;CEARA;ALEX230kVA;Interior;-5.269671;-37.967945;-5.270944;-37.967721;Conjunto de Usinas;Solar;Conj. Alex;CJU_CEUFAL;-;2023-12-17 03:00:00;0.0;0.0;278.397;0.0
NE;Nordeste;CE;CEARA;ALEX230kVA;Interior;-5.269671;-37.967945;-5.270944;-37.967721;Conjunto de Usinas;Solar;Conj. Alex;CJU_CEUFAL;-;2023-12-17 04:00:00;0.0;0.0;278.397;0.0
NE;Nordeste;CE;CEARA;ALEX230kVA;Interior;-5.269671;-37.967945;-5.270944;-37.967721;Conjunto de Usinas;Solar;Conj. Alex;CJU_CEUFAL;-;2023-12-17 05:00:00;9.5;18.637;278.397;0.0669439685054077
NE;Nordeste;CE;CEARA;ALEX230kVA;Interior;-5.269671;-37.967945;-5.270944;-37.967721;Conjunto de Usinas;Solar;Conj. Alex;CJU_CEUFAL;-;2023-12-17 06:00:00;103.5;141.166;278.397;0.5070672456958947
NE;Nordeste;CE;CEARA;ALEX230kVA;Interior;-5.269671;-37.967945;-5.270944;-37.967721;Conjunto de Usinas;Solar;Conj. Alex;CJU_CEUFAL;-;2023-12-17 07:00:00;152.5;183.377;278.397;0.6586888508137659
NE;Nordeste;CE;CEARA;ALEX230kVA;Interior;-5.269671;-37.967945;-5.270944;-37.967721;Conjunto de Usinas;Solar;Conj. Alex;CJU_CEUFAL;-;2023-12-17 08:00:00;177.5;103.051;278.397;0.3701584427993117
NE;Nordeste;CE;CEARA;ALEX230kVA;Interior;-5.269671;-37.967945;-5.270944;-37.967721;Conjunto de Usinas;Solar;Conj. Alex;CJU_CEUFAL;-;2023-12-17 09:00:00;187.0;102.744;278.397;0.3690557010312611
NE;Nordeste;CE;CEARA;ALEX230kVA;Interior;-5.269671;-37.967945;-5.270944;-37.967721;Conjunto de Usinas;Solar;Conj. Alex;CJU_CEUFAL;-;2023-12-17 10:00:00;190.0;179.033;278.397;0.6430852343954855
NE;Nordeste;CE;CEARA;ALEX230kVA;Interior;-5.269671;-37.967945;-5.270944;-37.967721;Conjunto de Usinas;Solar;Conj. Alex;CJU_CEUFAL;-;2023-12-17 11:00:00;184.5;263.463;278.397;0.9463571805730664
NE;Nordeste;CE;CEARA;ALEX230kVA;Interior;-5.269671;-37.967945;-5.270944;-37.967721;Conjunto de Usinas;Solar;Conj. Alex;CJU_CEUFAL;-;2023-12-17 12:00:00;189.0;248.87;278.397;0.8939392306669971
NE;Nordeste;CE;CEARA;ALEX230kVA;Interior;-5.269671;-37.967945;-5.270944;-37.967721;Conjunto de Usinas;Solar;Conj. Alex;CJU_CEUFAL;-;2023-12-17 13:00:00;188.0;208.355;278.397;0.748409645218878
NE;Nordeste;CE;CEARA;ALEX230kVA;Interior;-5.269671;-37.967945;-5.270944;-37.967721;Conjunto de Usinas;Solar;Conj. Alex;CJU_CEUFAL;-;2023-12-17 14:00:00;170.5;179.248;278.397;0.643857512832394
NE;Nordeste;CE;CEARA;ALEX230kVA;Interior;-5.269671;-37.967945;-5.270944;-37.967721;Conjunto de Usinas;Solar;Conj. Alex;CJU_CEUFAL;-;2023-12-17 15:00:00;138.0;97.709;278.397;0.3509700176366843
NE;Nordeste;CE;CEARA;ALEX230kVA;Interior;-5.269671;-37.967945;-5.270944;-37.967721;Conjunto de Usinas;Solar;Conj. Alex;CJU_CEUFAL;-;2023-12-17 16:00:00;81.5;20.389;278.397;0.0732371397680291
NE;Nordeste;CE;CEARA;ALEX230kVA;Interior;-5.269671;-37.967945;-5.270944;-37.967721;Conjunto de Usinas;Solar;Conj. Alex;CJU_CEUFAL;-;2023-12-17 17:00:00;4.0;2.416;278.397;0.008678254435213
NE;Nordeste;CE;CEARA;ALEX230kVA;Interior;-5.269671;-37.967945;-5.270944;-37.967721;Conjunto de Usinas;Solar;Conj. Alex;CJU_CEUFAL;-;2023-12-17 18:00:00;0.0;0.0;278.397;0.0
NE;Nordeste;CE;CEARA;ALEX230kVA;Interior;-5.269671;-37.967945;-5.270944;-37.967721;Conjunto de Usinas;Solar;Conj. Alex;CJU_CEUFAL;-;2023-12-17 19:00:00;0.0;0.0;278.397;0.0
NE;Nordeste;CE;CEARA;ALEX230kVA;Interior;-5.269671;-37.967945;-5.270944;-37.967721;Conjunto de Usinas;Solar;Conj. Alex;CJU_CEUFAL;-;2023-12-17 20:00:00;0.0;0.0;278.397;0.0
NE;Nordeste;CE;CEARA;ALEX230kVA;Interior;-5.269671;-37.967945;-5.270944;-37.967721;Conjunto de Usinas;Solar;Conj. Alex;CJU_CEUFAL;-;2023-12-17 21:00:00;0.0;0.0;278.397;0.0
NE;Nordeste;CE;CEARA;ALEX230kVA;Interior;-5.269671;-37.967945;-5.270944;-37.967721;Conjunto de Usinas;Solar;Conj. Alex;CJU_CEUFAL;-;2023-12-17 22:00:00;0.0;0.0;278.397;0.0
NE;Nordeste;CE;CEARA;ALEX230kVA;Interior;-5.269671;-37.967945;-5.270944;-37.967721;Conjunto de Usinas;Solar;Conj. Alex;CJU_CEUFAL;-;2023-12-17 23:00:00;0.0;0.0;278.397;0.0
NE;Nordeste;CE;CEARA;ALEX230kVA;Interior;-5.269671;-37.967945;-5.270944;-37.967721;Conjunto de Usinas;Solar;Conj. Alex;CJU_CEUFAL;-;2023-12-18 00:00:00;0.0;0.0;278.397;0.0
NE;Nordeste;CE;CEARA;ALEX230kVA;Interior;-5.269671;-37.967945;-5.270944;-37.967721;Conjunto de Usinas;Solar;Conj. Alex;CJU_CEUFAL;-;2023-12-18 01:00:00;0.0;0.0;278.397;0.0
NE;Nordeste;CE;CEARA;ALEX230kVA;Interior;-5.269671;-37.967945;-5.270944;-37.967721;Conjunto de Usinas;Solar;Conj. Alex;CJU_CEUFAL;-;2023-12-18 02:00:00;0.0;0.0;278.397;0.0
NE;Nordeste;CE;CEARA;ALEX230kVA;Interior;-5.269671;-37.967945;-5.270944;-37.967721;Conjunto de Usinas;Solar;Conj. Alex;CJU_CEUFAL;-;2023-12-18 03:00:00;0.0;0.0;278.397;0.0
NE;Nordeste;CE;CEARA;ALEX230kVA;Interior;-5.269671;-37.967945;-5.270944;-37.967721;Conjunto de Usinas;Solar;Conj. Alex;CJU_CEUFAL;-;2023-12-18 04:00:00;0.0;0.0;278.397;0.0
NE;Nordeste;CE;CEARA;ALEX230kVA;Interior;-5.269671;-37.967945;-5.270944;-37.967721;Conjunto de Usinas;Solar;Conj. Alex;CJU_CEUFAL;-;2023-12-18 05:00:00;16.0;2.314;278.397;0.0083118711767727
NE;Nordeste;CE;CEARA;ALEX230kVA;Interior;-5.269671;-37.967945;-5.270944;-37.967721;Conjunto de Usinas;Solar;Conj. Alex;CJU_CEUFAL;-;2023-12-18 06:00:00;105.0;31.024;278.397;0.1114379824495235
NE;Nordeste;CE;CEARA;ALEX230kVA;Interior;-5.269671;-37.967945;-5.270944;-37.967721;Conjunto de Usinas;Solar;Conj. Alex;CJU_CEUFAL;-;2023-12-18 07:00:00;167.0;36.299;278.397;0.1303857440992539
NE;Nordeste;CE;CEARA;ALEX230kVA;Interior;-5.269671;-37.967945;-5.270944;-37.967721;Conjunto de Usinas;Solar;Conj. Alex;CJU_CEUFAL;-;2023-12-18 08:00:00;189.5;98.478;278.397;0.3537322600459056
NE;Nordeste;CE;CEARA;ALEX230kVA;Interior;-5.269671;-37.967945;-5.270944;-37.967721;Conjunto de Usinas;Solar;Conj. Alex;CJU_CEUFAL;-;2023-12-18 09:00:00;191.0;172.677;278.397;0.6202545286048341
NE;Nordeste;CE;CEARA;ALEX230kVA;Interior;-5.269671;-37.967945;-5.270944;-37.967721;Conjunto de Usinas;Solar;Conj. Alex;CJU_CEUFAL;-;2023-12-18 10:00:00;182.5;184.699;278.397;0.6634374652025704
NE;Nordeste;CE;CEARA;ALEX230kVA;Interior;-5.269671;-37.967945;-5.270944;-37.967721;Conjunto de Usinas;Solar;Conj. Alex;CJU_CEUFAL;-;2023-12-18 11:00:00;168.5;165.139;278.397;0.593178087407551
NE;Nordeste;CE;CEARA;ALEX230kVA;Interior;-5.269671;-37.967945;-5.270944;-37.967721;Conjunto de Usinas;Solar;Conj. Alex;CJU_CEUFAL;-;2023-12-18 12:00:00;158.0;162.111;278.397;0.5823015334216963
NE;Nordeste;CE;CEARA;ALEX230kVA;Interior;-5.269671;-37.967945;-5.270944;-37.967721;Conjunto de Usinas;Solar;Conj. Alex;CJU_CEUFAL;-;2023-12-18 13:00:00;120.5;181.24;278.397;0.651012762350169
NE;Nordeste;CE;CEARA;ALEX230kVA;Interior;-5.269671;-37.967945;-5.270944;-37.967721;Conjunto de Usinas;Solar;Conj. Alex;CJU_CEUFAL;-;2023-12-18 14:00:00;83.5;67.987;278.397;0.2442088097213691
NE;Nordeste;CE;CEARA;ALEX230kVA;Interior;-5.269671;-37.967945;-5.270944;-37.967721;Conjunto de Usinas;Solar;Conj. Alex;CJU_CEUFAL;-;2023-12-18 15:00:00;71.5;14.021;278.397;0.0503633300646199
NE;Nordeste;CE;CEARA;ALEX230kVA;Interior;-5.269671;-37.967945;-5.270944;-37.967721;Conjunto de Usinas;Solar;Conj. Alex;CJU_CEUFAL;-;2023-12-18 16:00:00;58.0;5.688;278.397;0.0204312546471405
NE;Nordeste;CE;CEARA;ALEX230kVA;Interior;-5.269671;-37.967945;-5.270944;-37.967721;Conjunto de Usinas;Solar;Conj. Alex;CJU_CEUFAL;-;2023-12-18 17:00:00;2.5;0.023;278.397;8.26158327855e-05
NE;Nordeste;CE;CEARA;ALEX230kVA;Interior;-5.269671;-37.967945;-5.270944;-37.967721;Conjunto de Usinas;Solar;Conj. Alex;CJU_CEUFAL;-;2023-12-18 18:00:00;0.0;0.0;278.397;0.0
NE;Nordeste;CE;CEARA;ALEX230kVA;Interior;-5.269671;-37.967945;-5.270944;-37.967721;Conjunto de Usinas;Solar;Conj. Alex;CJU_CEUFAL;-;2023-12-18 19:00:00;0.0;0.0;278.397;0.0
NE;Nordeste;CE;CEARA;ALEX230kVA;Interior;-5.269671;-37.967945;-5.270944;-37.967721;Conjunto de Usinas;Solar;Conj. Alex;CJU_CEUFAL;-;2023-12-18 20:00:00;0.0;0.0;278.397;0.0
NE;Nordeste;CE;CEARA;ALEX230kVA;Interior;-5.269671;-37.967945;-5.270944;-37.967721;Conjunto de Usinas;Solar;Conj. Alex;CJU_CEUFAL;-;2023-12-18 21:00:00;0.0;0.0;278.397;0.0
NE;Nordeste;CE;CEARA;ALEX230kVA;Interior;-5.269671;-37.967945;-5.270944;-37.967721;Conjunto de Usinas;Solar;Conj. Alex;CJU_CEUFAL;-;2023-12-18 22:00:00;0.0;0.0;278.397;0.0
NE;Nordeste;CE;CEARA;ALEX230kVA;Interior;-5.269671;-37.967945;-5.270944;-37.967721;Conjunto de Usinas;Solar;Conj. Alex;CJU_CEUFAL;-;2023-12-18 23:00:00;0.0;0.0;278.397;0.0
NE;Nordeste;CE;CEARA;ALEX230kVA;Interior;-5.269671;-37.967945;-5.270944;-37.967721;Conjunto de Usinas;Solar;Conj. Alex;CJU_CEUFAL;-;2023-12-19 00:00:00;0.0;0.0;278.397;0.0
NE;Nordeste;CE;CEARA;ALEX230kVA;Interior;-5.269671;-37.967945;-5.270944;-37.967721;Conjunto de Usinas;Solar;Conj. Alex;CJU_CEUFAL;-;2023-12-19 01:00:00;0.0;0.0;278.397;0.0
NE;Nordeste;CE;CEARA;ALEX230kVA;Interior;-5.269671;-37.967945;-5.270944;-37.967721;Conjunto de Usinas;Solar;Conj. Alex;CJU_CEUFAL;-;2023-12-19 02:00:00;0.0;0.0;278.397;0.0
NE;Nordeste;CE;CEARA;ALEX230kVA;Interior;-5.269671;-37.967945;-5.270944;-37.967721;Conjunto de Usinas;Solar;Conj. Alex;CJU_CEUFAL;-;2023-12-19 03:00:00;0.0;0.0;278.397;0.0
NE;Nordeste;CE;CEARA;ALEX230kVA;Interior;-5.269671;-37.967945;-5.270944;-37.967721;Conjunto de Usinas;Solar;Conj. Alex;CJU_CEUFAL;-;2023-12-19 04:00:00;0.0;0.0;278.397;0.0
NE;Nordeste;CE;CEARA;ALEX230kVA;Interior;-5.269671;-37.967945;-5.270944;-37.967721;Conjunto de Usinas;Solar;Conj. Alex;CJU_CEUFAL;-;2023-12-19 05:00:00;16.0;1.358;278.397;0.0048779261270775
NE;Nordeste;CE;CEARA;ALEX230kVA;Interior;-5.269671;-37.967945;-5.270944;-37.967721;Conjunto de Usinas;Solar;Conj. Alex;CJU_CEUFAL;-;2023-12-19 06:00:00;107.5;11.434;278.397;0.0410708448726099
NE;Nordeste;CE;CEARA;ALEX230kVA;Interior;-5.269671;-37.967945;-5.270944;-37.967721;Conjunto de Usinas;Solar;Conj. Alex;CJU_CEUFAL;-;2023-12-19 07:00:00;164.0;31.361;278.397;0.1126484839994683
NE;Nordeste;CE;CEARA;ALEX230kVA;Interior;-5.269671;-37.967945;-5.270944;-37.967721;Conjunto de Usinas;Solar;Conj. Alex;CJU_CEUFAL;-;2023-12-19 08:00:00;171.0;57.96;278.397;0.2081918986195971
NE;Nordeste;CE;CEARA;ALEX230kVA;Interior;-5.269671;-37.967945;-5.270944;-37.967721;Conjunto de Usinas;Solar;Conj. Alex;CJU_CEUFAL;-;2023-12-19 09:00:00;161.5;20.778;278.397;0.0746344249399239
NE;Nordeste;CE;CEARA;ALEX230kVA;Interior;-5.269671;-37.967945;-5.270944;-37.967721;Conjunto de Usinas;Solar;Conj. Alex;CJU_CEUFAL;-;2023-12-19 10:00:00;155.0;100.277;278.397;0.3601942549668279
NE;Nordeste;CE;CEARA;ALEX230kVA;Interior;-5.269671;-37.967945;-5.270944;-37.967721;Conjunto de Usinas;Solar;Conj. Alex;CJU_CEUFAL;-;2023-12-19 11:00:00;150.5;20.638;278.397;0.0741315459577509
NE;Nordeste;CE;CEARA;ALEX230kVA;Interior;-5.269671;-37.967945;-5.270944;-37.967721;Conjunto de Usinas;Solar;Conj. Alex;CJU_CEUFAL;-;2023-12-19 12:00:00;155.0;10.67;278.397;0.0383265624270376
NE;Nordeste;CE;CEARA;ALEX230kVA;Interior;-5.269671;-37.967945;-5.270944;-37.967721;Conjunto de Usinas;Solar;Conj. Alex;CJU_CEUFAL;-;2023-12-19 13:00:00;149.0;27.254;278.397;0.0978961698581522
NE;Nordeste;CE;CEARA;ALEX230kVA;Interior;-5.269671;-37.967945;-5.270944;-37.967721;Conjunto de Usinas;Solar;Conj. Alex;CJU_CEUFAL;-;2023-12-19 14:00:00;141.5;9.851;278.397;0.0353847203813259
NE;Nordeste;CE;CEARA;ALEX230kVA;Interior;-5.269671;-37.967945;-5.270944;-37.967721;Conjunto de Usinas;Solar;Conj. Alex;CJU_CEUFAL;-;2023-12-19 15:00:00;132.0;13.708;278.397;0.0492390363401904
NE;Nordeste;CE;CEARA;ALEX230kVA;Interior;-5.269671;-37.967945;-5.270944;-37.967721;Conjunto de Usinas;Solar;Conj. Alex;CJU_CEUFAL;-;2023-12-19 16:00:00;90.0;10.357;278.397;0.0372022687026081
NE;Nordeste;CE;CEARA;ALEX230kVA;Interior;-5.269671;-37.967945;-5.270944;-37.967721;Conjunto de Usinas;Solar;Conj. Alex;CJU_CEUFAL;-;2023-12-19 17:00:00;4.5;1.088;278.397;0.0039080880900297
NE;Nordeste;CE;CEARA;ALEX230kVA;Interior;-5.269671;-37.967945;-5.270944;-37.967721;Conjunto de Usinas;Solar;Conj. Alex;CJU_CEUFAL;-;2023-12-19 18:00:00;0.0;0.0;278.397;0.0
NE;Nordeste;CE;CEARA;ALEX230kVA;Interior;-5.269671;-37.967945;-5.270944;-37.967721;Conjunto de Usinas;Solar;Conj. Alex;CJU_CEUFAL;-;2023-12-19 19:00:00;0.0;0.0;278.397;0.0
NE;Nordeste;CE;CEARA;ALEX230kVA;Interior;-5.269671;-37.967945;-5.270944;-37.967721;Conjunto de Usinas;Solar;Conj. Alex;CJU_CEUFAL;-;2023-12-19 20:00:00;0.0;0.0;278.397;0.0
NE;Nordeste;CE;CEARA;ALEX230kVA;Interior;-5.269671;-37.967945;-5.270944;-37.967721;Conjunto de Usinas;Solar;Conj. Alex;CJU_CEUFAL;-;2023-12-19 21:00:00;0.0;0.0;278.397;0.0
NE;Nordeste;CE;CEARA;ALEX230kVA;Interior;-5.269671;-37.967945;-5.270944;-37.967721;Conjunto de Usinas;Solar;Conj. Alex;CJU_CEUFAL;-;2023-12-19 22:00:00;0.0;0.0;278.397;0.0
NE;Nordeste;CE;CEARA;ALEX230kVA;Interior;-5.269671;-37.967945;-5.270944;-37.967721;Conjunto de Usinas;Solar;Conj. Alex;CJU_CEUFAL;-;2023-12-19 23:00:00;0.0;0.0;278.397;0.0
NE;Nordeste;CE;CEARA;ALEX230kVA;Interior;-5.269671;-37.967945;-5.270944;-37.967721;Conjunto de Usinas;Solar;Conj. Alex;CJU_CEUFAL;-;2023-12-20 00:00:00;0.0;0.0;278.397;0.0
NE;Nordeste;CE;CEARA;ALEX230kVA;Interior;-5.269671;-37.967945;-5.270944;-37.967721;Conjunto de Usinas;Solar;Conj. Alex;CJU_CEUFAL;-;2023-12-20 01:00:00;0.0;0.0;278.397;0.0
NE;Nordeste;CE;CEARA;ALEX230kVA;Interior;-5.269671;-37.967945;-5.270944;-37.967721;Conjunto de Usinas;Solar;Conj. Alex;CJU_CEUFAL;-;2023-12-20 02:00:00;0.0;0.0;278.397;0.0
NE;Nordeste;CE;CEARA;ALEX230kVA;Interior;-5.269671;-37.967945;-5.270944;-37.967721;Conjunto de Usinas;Solar;Conj. Alex;CJU_CEUFAL;-;2023-12-20 03:00:00;0.0;0.0;278.397;0.0
NE;Nordeste;CE;CEARA;ALEX230kVA;Interior;-5.269671;-37.967945;-5.270944;-37.967721;Conjunto de Usinas;Solar;Conj. Alex;CJU_CEUFAL;-;2023-12-20 04:00:00;0.0;0.0;278.397;0.0
NE;Nordeste;CE;CEARA;ALEX230kVA;Interior;-5.269671;-37.967945;-5.270944;-37.967721;Conjunto de Usinas;Solar;Conj. Alex;CJU_CEUFAL;-;2023-12-20 05:00:00;9.0;0.522;278.397;0.0018750202049591
NE;Nordeste;CE;CEARA;ALEX230kVA;Interior;-5.269671;-37.967945;-5.270944;-37.967721;Conjunto de Usinas;Solar;Conj. Alex;CJU_CEUFAL;-;2023-12-20 06:00:00;99.0;15.32;278.397;0.0550293286206388
NE;Nordeste;CE;CEARA;ALEX230kVA;Interior;-5.269671;-37.967945;-5.270944;-37.967721;Conjunto de Usinas;Solar;Conj. Alex;CJU_CEUFAL;-;2023-12-20 07:00:00;149.5;30.16;278.397;0.1083345007309705
NE;Nordeste;CE;CEARA;ALEX230kVA;Interior;-5.269671;-37.967945;-5.270944;-37.967721;Conjunto de Usinas;Solar;Conj. Alex;CJU_CEUFAL;-;2023-12-20 08:00:00;182.0;105.509;278.397;0.3789875609291766
NE;Nordeste;CE;CEARA;ALEX230kVA;Interior;-5.269671;-37.967945;-5.270944;-37.967721;Conjunto de Usinas;Solar;Conj. Alex;CJU_CEUFAL;-;2023-12-20 09:00:00;209.0;96.221;278.397;0.3456251324547319
NE;Nordeste;CE;CEARA;ALEX230kVA;Interior;-5.269671;-37.967945;-5.270944;-37.967721;Conjunto de Usinas;Solar;Conj. Alex;CJU_CEUFAL;-;2023-12-20 10:00:00;217.5;178.409;278.397;0.6408438309320861
NE;Nordeste;CE;CEARA;ALEX230kVA;Interior;-5.269671;-37.967945;-5.270944;-37.967721;Conjunto de Usinas;Solar;Conj. Alex;CJU_CEUFAL;-;2023-12-20 11:00:00;192.0;117.419;278.397;0.4217681943411746
NE;Nordeste;CE;CEARA;ALEX230kVA;Interior;-5.269671;-37.967945;-5.270944;-37.967721;Conjunto de Usinas;Solar;Conj. Alex;CJU_CEUFAL;-;2023-12-20 12:00:00;169.0;36.061;278.397;0.1295308498295599
NE;Nordeste;CE;CEARA;ALEX230kVA;Interior;-5.269671;-37.967945;-5.270944;-37.967721;Conjunto de Usinas;Solar;Conj. Alex;CJU_CEUFAL;-;2023-12-20 13:00:00;151.0;37.267;278.397;0.1338627930617068
NE;Nordeste;CE;CEARA;ALEX230kVA;Interior;-5.269671;-37.967945;-5.270944;-37.967721;Conjunto de Usinas;Solar;Conj. Alex;CJU_CEUFAL;-;2023-12-20 14:00:00;135.5;32.652;278.397;0.1172857466136488
NE;Nordeste;CE;CEARA;ALEX230kVA;Interior;-5.269671;-37.967945;-5.270944;-37.967721;Conjunto de Usinas;Solar;Conj. Alex;CJU_CEUFAL;-;2023-12-20 15:00:00;121.0;29.77;278.397;0.1069336235663459
NE;Nordeste;CE;CEARA;ALEX230kVA;Interior;-5.269671;-37.967945;-5.270944;-37.967721;Conjunto de Usinas;Solar;Conj. Alex;CJU_CEUFAL;-;2023-12-20 16:00:00;80.0;10.7;278.397;0.0384343222089318
NE;Nordeste;CE;CEARA;ALEX230kVA;Interior;-5.269671;-37.967945;-5.270944;-37.967721;Conjunto de Usinas;Solar;Conj. Alex;CJU_CEUFAL;-;2023-12-20 17:00:00;3.5;0.119;278.397;0.0004274471348469
NE;Nordeste;CE;CEARA;ALEX230kVA;Interior;-5.269671;-37.967945;-5.270944;-37.967721;Conjunto de Usinas;Solar;Conj. Alex;CJU_CEUFAL;-;2023-12-20 18:00:00;0.0;0.0;278.397;0.0
NE;Nordeste;CE;CEARA;ALEX230kVA;Interior;-5.269671;-37.967945;-5.270944;-37.967721;Conjunto de Usinas;Solar;Conj. Alex;CJU_CEUFAL;-;2023-12-20 19:00:00;0.0;0.0;278.397;0.0
NE;Nordeste;CE;CEARA;ALEX230kVA;Interior;-5.269671;-37.967945;-5.270944;-37.967721;Conjunto de Usinas;Solar;Conj. Alex;CJU_CEUFAL;-;2023-12-20 20:00:00;0.0;0.0;278.397;0.0
NE;Nordeste;CE;CEARA;ALEX230kVA;Interior;-5.269671;-37.967945;-5.270944;-37.967721;Conjunto de Usinas;Solar;Conj. Alex;CJU_CEUFAL;-;2023-12-20 21:00:00;0.0;0.0;278.397;0.0
NE;Nordeste;CE;CEARA;ALEX230kVA;Interior;-5.269671;-37.967945;-5.270944;-37.967721;Conjunto de Usinas;Solar;Conj. Alex;CJU_CEUFAL;-;2023-12-20 22:00:00;0.0;0.0;278.397;0.0
NE;Nordeste;CE;CEARA;ALEX230kVA;Interior;-5.269671;-37.967945;-5.270944;-37.967721;Conjunto de Usinas;Solar;Conj. Alex;CJU_CEUFAL;-;2023-12-20 23:00:00;0.0;0.0;278.397;0.0
NE;Nordeste;CE;CEARA;ALEX230kVA;Interior;-5.269671;-37.967945;-5.270944;-37.967721;Conjunto de Usinas;Solar;Conj. Alex;CJU_CEUFAL;-;2023-12-21 00:00:00;0.0;0.0;278.397;0.0
NE;Nordeste;CE;CEARA;ALEX230kVA;Interior;-5.269671;-37.967945;-5.270944;-37.967721;Conjunto de Usinas;Solar;Conj. Alex;CJU_CEUFAL;-;2023-12-21 01:00:00;0.0;0.0;278.397;0.0
NE;Nordeste;CE;CEARA;ALEX230kVA;Interior;-5.269671;-37.967945;-5.270944;-37.967721;Conjunto de Usinas;Solar;Conj. Alex;CJU_CEUFAL;-;2023-12-21 02:00:00;0.0;0.0;278.397;0.0
NE;Nordeste;CE;CEARA;ALEX230kVA;Interior;-5.269671;-37.967945;-5.270944;-37.967721;Conjunto de Usinas;Solar;Conj. Alex;CJU_CEUFAL;-;2023-12-21 03:00:00;0.0;0.0;278.397;0.0
NE;Nordeste;CE;CEARA;ALEX230kVA;Interior;-5.269671;-37.967945;-5.270944;-37.967721;Conjunto de Usinas;Solar;Conj. Alex;CJU_CEUFAL;-;2023-12-21 04:00:00;0.0;0.0;278.397;0.0
NE;Nordeste;CE;CEARA;ALEX230kVA;Interior;-5.269671;-37.967945;-5.270944;-37.967721;Conjunto de Usinas;Solar;Conj. Alex;CJU_CEUFAL;-;2023-12-21 05:00:00;19.0;5.126;278.397;0.0184125547329892
NE;Nordeste;CE;CEARA;ALEX230kVA;Interior;-5.269671;-37.967945;-5.270944;-37.967721;Conjunto de Usinas;Solar;Conj. Alex;CJU_CEUFAL;-;2023-12-21 06:00:00;112.5;52.639;278.397;0.1890789053042956
NE;Nordeste;CE;CEARA;ALEX230kVA;Interior;-5.269671;-37.967945;-5.270944;-37.967721;Conjunto de Usinas;Solar;Conj. Alex;CJU_CEUFAL;-;2023-12-21 07:00:00;172.0;79.32;278.397;0.2849168633282686
NE;Nordeste;CE;CEARA;ALEX230kVA;Interior;-5.269671;-37.967945;-5.270944;-37.967721;Conjunto de Usinas;Solar;Conj. Alex;CJU_CEUFAL;-;2023-12-21 08:00:00;188.5;172.763;278.397;0.6205634399795974
NE;Nordeste;CE;CEARA;ALEX230kVA;Interior;-5.269671;-37.967945;-5.270944;-37.967721;Conjunto de Usinas;Solar;Conj. Alex;CJU_CEUFAL;-;2023-12-21 09:00:00;205.0;178.684;278.397;0.641831628932783
NE;Nordeste;CE;CEARA;ALEX230kVA;Interior;-5.269671;-37.967945;-5.270944;-37.967721;Conjunto de Usinas;Solar;Conj. Alex;CJU_CEUFAL;-;2023-12-21 10:00:00;208.0;155.983;278.397;0.5602898019734408
NE;Nordeste;CE;CEARA;ALEX230kVA;Interior;-5.269671;-37.967945;-5.270944;-37.967721;Conjunto de Usinas;Solar;Conj. Alex;CJU_CEUFAL;-;2023-12-21 11:00:00;196.5;198.778;278.397;0.7140091308455191
NE;Nordeste;CE;CEARA;ALEX230kVA;Interior;-5.269671;-37.967945;-5.270944;-37.967721;Conjunto de Usinas;Solar;Conj. Alex;CJU_CEUFAL;-;2023-12-21 12:00:00;177.5;143.786;278.397;0.5164782666479883
NE;Nordeste;CE;CEARA;ALEX230kVA;Interior;-5.269671;-37.967945;-5.270944;-37.967721;Conjunto de Usinas;Solar;Conj. Alex;CJU_CEUFAL;-;2023-12-21 13:00:00;134.5;200.077;278.397;0.718675129401538
NE;Nordeste;CE;CEARA;ALEX230kVA;Interior;-5.269671;-37.967945;-5.270944;-37.967721;Conjunto de Usinas;Solar;Conj. Alex;CJU_CEUFAL;-;2023-12-21 14:00:00;103.5;78.17;278.397;0.2807860716889909
NE;Nordeste;CE;CEARA;ALEX230kVA;Interior;-5.269671;-37.967945;-5.270944;-37.967721;Conjunto de Usinas;Solar;Conj. Alex;CJU_CEUFAL;-;2023-12-21 15:00:00;88.0;109.099;278.397;0.3918828148291827
NE;Nordeste;CE;CEARA;ALEX230kVA;Interior;-5.269671;-37.967945;-5.270944;-37.967721;Conjunto de Usinas;Solar;Conj. Alex;CJU_CEUFAL;-;2023-12-21 16:00:00;61.0;31.774;278.397;0.1141319769968785
NE;Nordeste;CE;CEARA;ALEX230kVA;Interior;-5.269671;-37.967945;-5.270944;-37.967721;Conjunto de Usinas;Solar;Conj. Alex;CJU_CEUFAL;-;2023-12-21 17:00:00;3.0;0.048;278.397;0.0001724156510307
NE;Nordeste;CE;CEARA;ALEX230kVA;Interior;-5.269671;-37.967945;-5.270944;-37.967721;Conjunto de Usinas;Solar;Conj. Alex;CJU_CEUFAL;-;2023-12-21 18:00:00;0.0;0.0;278.397;0.0
NE;Nordeste;CE;CEARA;ALEX230kVA;Interior;-5.269671;-37.967945;-5.270944;-37.967721;Conjunto de Usinas;Solar;Conj. Alex;CJU_CEUFAL;-;2023-12-21 19:00:00;0.0;0.0;278.397;0.0
NE;Nordeste;CE;CEARA;ALEX230kVA;Interior;-5.269671;-37.967945;-5.270944;-37.967721;Conjunto de Usinas;Solar;Conj. Alex;CJU_CEUFAL;-;2023-12-21 20:00:00;0.0;0.0;278.397;0.0
NE;Nordeste;CE;CEARA;ALEX230kVA;Interior;-5.269671;-37.967945;-5.270944;-37.967721;Conjunto de Usinas;Solar;Conj. Alex;CJU_CEUFAL;-;2023-12-21 21:00:00;0.0;0.0;278.397;0.0
NE;Nordeste;CE;CEARA;ALEX230kVA;Interior;-5.269671;-37.967945;-5.270944;-37.967721;Conjunto de Usinas;Solar;Conj. Alex;CJU_CEUFAL;-;2023-12-21 22:00:00;0.0;0.0;278.397;0.0
NE;Nordeste;CE;CEARA;ALEX230kVA;Interior;-5.269671;-37.967945;-5.270944;-37.967721;Conjunto de Usinas;Solar;Conj. Alex;CJU_CEUFAL;-;2023-12-21 23:00:00;0.0;0.0;278.397;0.0
NE;Nordeste;CE;CEARA;ALEX230kVA;Interior;-5.269671;-37.967945;-5.270944;-37.967721;Conjunto de Usinas;Solar;Conj. Alex;CJU_CEUFAL;-;2023-12-22 00:00:00;0.0;0.0;278.397;0.0
NE;Nordeste;CE;CEARA;ALEX230kVA;Interior;-5.269671;-37.967945;-5.270944;-37.967721;Conjunto de Usinas;Solar;Conj. Alex;CJU_CEUFAL;-;2023-12-22 01:00:00;0.0;0.0;278.397;0.0
NE;Nordeste;CE;CEARA;ALEX230kVA;Interior;-5.269671;-37.967945;-5.270944;-37.967721;Conjunto de Usinas;Solar;Conj. Alex;CJU_CEUFAL;-;2023-12-22 02:00:00;0.0;0.0;278.397;0.0
NE;Nordeste;CE;CEARA;ALEX230kVA;Interior;-5.269671;-37.967945;-5.270944;-37.967721;Conjunto de Usinas;Solar;Conj. Alex;CJU_CEUFAL;-;2023-12-22 03:00:00;0.0;0.0;278.397;0.0
NE;Nordeste;CE;CEARA;ALEX230kVA;Interior;-5.269671;-37.967945;-5.270944;-37.967721;Conjunto de Usinas;Solar;Conj. Alex;CJU_CEUFAL;-;2023-12-22 04:00:00;0.0;0.0;278.397;0.0
NE;Nordeste;CE;CEARA;ALEX230kVA;Interior;-5.269671;-37.967945;-5.270944;-37.967721;Conjunto de Usinas;Solar;Conj. Alex;CJU_CEUFAL;-;2023-12-22 05:00:00;17.5;2.472;278.397;0.0088794060280821
NE;Nordeste;CE;CEARA;ALEX230kVA;Interior;-5.269671;-37.967945;-5.270944;-37.967721;Conjunto de Usinas;Solar;Conj. Alex;CJU_CEUFAL;-;2023-12-22 06:00:00;113.5;25.064;278.397;0.0900297057798755
NE;Nordeste;CE;CEARA;ALEX230kVA;Interior;-5.269671;-37.967945;-5.270944;-37.967721;Conjunto de Usinas;Solar;Conj. Alex;CJU_CEUFAL;-;2023-12-22 07:00:00;174.0;153.081;278.397;0.5498658390715417
NE;Nordeste;CE;CEARA;ALEX230kVA;Interior;-5.269671;-37.967945;-5.270944;-37.967721;Conjunto de Usinas;Solar;Conj. Alex;CJU_CEUFAL;-;2023-12-22 08:00:00;184.0;209.914;278.397;0.7540095618846467
NE;Nordeste;CE;CEARA;ALEX230kVA;Interior;-5.269671;-37.967945;-5.270944;-37.967721;Conjunto de Usinas;Solar;Conj. Alex;CJU_CEUFAL;-;2023-12-22 09:00:00;190.0;172.648;278.397;0.6201503608156697
NE;Nordeste;CE;CEARA;ALEX230kVA;Interior;-5.269671;-37.967945;-5.270944;-37.967721;Conjunto de Usinas;Solar;Conj. Alex;CJU_CEUFAL;-;2023-12-22 10:00:00;201.5;190.368;278.397;0.6838004719878445
NE;Nordeste;CE;CEARA;ALEX230kVA;Interior;-5.269671;-37.967945;-5.270944;-37.967721;Conjunto de Usinas;Solar;Conj. Alex;CJU_CEUFAL;-;2023-12-22 11:00:00;195.0;194.65;278.397;0.699181384856877
NE;Nordeste;CE;CEARA;ALEX230kVA;Interior;-5.269671;-37.967945;-5.270944;-37.967721;Conjunto de Usinas;Solar;Conj. Alex;CJU_CEUFAL;-;2023-12-22 12:00:00;176.5;213.325;278.397;0.7662618490860174
NE;Nordeste;CE;CEARA;ALEX230kVA;Interior;-5.269671;-37.967945;-5.270944;-37.967721;Conjunto de Usinas;Solar;Conj. Alex;CJU_CEUFAL;-;2023-12-22 13:00:00;147.5;172.161;278.397;0.6184010603562538
NE;Nordeste;CE;CEARA;ALEX230kVA;Interior;-5.269671;-37.967945;-5.270944;-37.967721;Conjunto de Usinas;Solar;Conj. Alex;CJU_CEUFAL;-;2023-12-22 14:00:00;135.0;101.631;278.397;0.3650578131229862
NE;Nordeste;CE;CEARA;ALEX230kVA;Interior;-5.269671;-37.967945;-5.270944;-37.967721;Conjunto de Usinas;Solar;Conj. Alex;CJU_CEUFAL;-;2023-12-22 15:00:00;124.5;120.502;278.397;0.4328423079271687
NE;Nordeste;CE;CEARA;ALEX230kVA;Interior;-5.269671;-37.967945;-5.270944;-37.967721;Conjunto de Usinas;Solar;Conj. Alex;CJU_CEUFAL;-;2023-12-22 16:00:00;83.5;84.256;278.397;0.3026469394425945
NE;Nordeste;CE;CEARA;ALEX230kVA;Interior;-5.269671;-37.967945;-5.270944;-37.967721;Conjunto de Usinas;Solar;Conj. Alex;CJU_CEUFAL;-;2023-12-22 17:00:00;4.0;4.85;278.397;0.0174211647395625
NE;Nordeste;CE;CEARA;ALEX230kVA;Interior;-5.269671;-37.967945;-5.270944;-37.967721;Conjunto de Usinas;Solar;Conj. Alex;CJU_CEUFAL;-;2023-12-22 18:00:00;0.0;0.0;278.397;0.0
NE;Nordeste;CE;CEARA;ALEX230kVA;Interior;-5.269671;-37.967945;-5.270944;-37.967721;Conjunto de Usinas;Solar;Conj. Alex;CJU_CEUFAL;-;2023-12-22 19:00:00;0.0;0.0;278.397;0.0
NE;Nordeste;CE;CEARA;ALEX230kVA;Interior;-5.269671;-37.967945;-5.270944;-37.967721;Conjunto de Usinas;Solar;Conj. Alex;CJU_CEUFAL;-;2023-12-22 20:00:00;0.0;0.0;278.397;0.0
NE;Nordeste;CE;CEARA;ALEX230kVA;Interior;-5.269671;-37.967945;-5.270944;-37.967721;Conjunto de Usinas;Solar;Conj. Alex;CJU_CEUFAL;-;2023-12-22 21:00:00;0.0;0.0;278.397;0.0
NE;Nordeste;CE;CEARA;ALEX230kVA;Interior;-5.269671;-37.967945;-5.270944;-37.967721;Conjunto de Usinas;Solar;Conj. Alex;CJU_CEUFAL;-;2023-12-22 22:00:00;0.0;0.0;278.397;0.0
NE;Nordeste;CE;CEARA;ALEX230kVA;Interior;-5.269671;-37.967945;-5.270944;-37.967721;Conjunto de Usinas;Solar;Conj. Alex;CJU_CEUFAL;-;2023-12-22 23:00:00;0.0;0.0;278.397;0.0
NE;Nordeste;CE;CEARA;ALEX230kVA;Interior;-5.269671;-37.967945;-5.270944;-37.967721;Conjunto de Usinas;Solar;Conj. Alex;CJU_CEUFAL;-;2023-12-23 00:00:00;0.0;0.0;278.397;0.0
NE;Nordeste;CE;CEARA;ALEX230kVA;Interior;-5.269671;-37.967945;-5.270944;-37.967721;Conjunto de Usinas;Solar;Conj. Alex;CJU_CEUFAL;-;2023-12-23 01:00:00;0.0;0.0;278.397;0.0
NE;Nordeste;CE;CEARA;ALEX230kVA;Interior;-5.269671;-37.967945;-5.270944;-37.967721;Conjunto de Usinas;Solar;Conj. Alex;CJU_CEUFAL;-;2023-12-23 02:00:00;0.0;0.0;278.397;0.0
NE;Nordeste;CE;CEARA;ALEX230kVA;Interior;-5.269671;-37.967945;-5.270944;-37.967721;Conjunto de Usinas;Solar;Conj. Alex;CJU_CEUFAL;-;2023-12-23 03:00:00;0.0;0.0;278.397;0.0
NE;Nordeste;CE;CEARA;ALEX230kVA;Interior;-5.269671;-37.967945;-5.270944;-37.967721;Conjunto de Usinas;Solar;Conj. Alex;CJU_CEUFAL;-;2023-12-23 04:00:00;0.0;0.0;278.397;0.0
NE;Nordeste;CE;CEARA;ALEX230kVA;Interior;-5.269671;-37.967945;-5.270944;-37.967721;Conjunto de Usinas;Solar;Conj. Alex;CJU_CEUFAL;-;2023-12-23 05:00:00;14.0;13.074;278.397;0.0469617129494929
NE;Nordeste;CE;CEARA;ALEX230kVA;Interior;-5.269671;-37.967945;-5.270944;-37.967721;Conjunto de Usinas;Solar;Conj. Alex;CJU_CEUFAL;-;2023-12-23 06:00:00;116.0;170.657;278.397;0.6129987032906244
NE;Nordeste;CE;CEARA;ALEX230kVA;Interior;-5.269671;-37.967945;-5.270944;-37.967721;Conjunto de Usinas;Solar;Conj. Alex;CJU_CEUFAL;-;2023-12-23 07:00:00;188.5;241.088;278.397;0.8659863432436412
NE;Nordeste;CE;CEARA;ALEX230kVA;Interior;-5.269671;-37.967945;-5.270944;-37.967721;Conjunto de Usinas;Solar;Conj. Alex;CJU_CEUFAL;-;2023-12-23 08:00:00;207.0;173.869;278.397;0.6245361839387636
NE;Nordeste;CE;CEARA;ALEX230kVA;Interior;-5.269671;-37.967945;-5.270944;-37.967721;Conjunto de Usinas;Solar;Conj. Alex;CJU_CEUFAL;-;2023-12-23 09:00:00;202.5;226.549;278.397;0.8137623609449814
NE;Nordeste;CE;CEARA;ALEX230kVA;Interior;-5.269671;-37.967945;-5.270944;-37.967721;Conjunto de Usinas;Solar;Conj. Alex;CJU_CEUFAL;-;2023-12-23 10:00:00;206.0;191.195;278.397;0.6867710499753948
NE;Nordeste;CE;CEARA;ALEX230kVA;Interior;-5.269671;-37.967945;-5.270944;-37.967721;Conjunto de Usinas;Solar;Conj. Alex;CJU_CEUFAL;-;2023-12-23 11:00:00;205.0;216.861;278.397;0.778963135378614
NE;Nordeste;CE;CEARA;ALEX230kVA;Interior;-5.269671;-37.967945;-5.270944;-37.967721;Conjunto de Usinas;Solar;Conj. Alex;CJU_CEUFAL;-;2023-12-23 12:00:00;197.0;223.225;278.397;0.8018225771111039
NE;Nordeste;CE;CEARA;ALEX230kVA;Interior;-5.269671;-37.967945;-5.270944;-37.967721;Conjunto de Usinas;Solar;Conj. Alex;CJU_CEUFAL;-;2023-12-23 13:00:00;189.5;216.168;278.397;0.7764738844168579
NE;Nordeste;CE;CEARA;ALEX230kVA;Interior;-5.269671;-37.967945;-5.270944;-37.967721;Conjunto de Usinas;Solar;Conj. Alex;CJU_CEUFAL;-;2023-12-23 14:00:00;178.5;189.368;278.397;0.6802084792580378
NE;Nordeste;CE;CEARA;ALEX230kVA;Interior;-5.269671;-37.967945;-5.270944;-37.967721;Conjunto de Usinas;Solar;Conj. Alex;CJU_CEUFAL;-;2023-12-23 15:00:00;148.5;136.434;278.397;0.4900699360984493
NE;Nordeste;CE;CEARA;ALEX230kVA;Interior;-5.269671;-37.967945;-5.270944;-37.967721;Conjunto de Usinas;Solar;Conj. Alex;CJU_CEUFAL;-;2023-12-23 16:00:00;82.0;41.331;278.397;0.1484606515156413
NE;Nordeste;CE;CEARA;ALEX230kVA;Interior;-5.269671;-37.967945;-5.270944;-37.967721;Conjunto de Usinas;Solar;Conj. Alex;CJU_CEUFAL;-;2023-12-23 17:00:00;4.0;4.144;278.397;0.014885217872319
NE;Nordeste;CE;CEARA;ALEX230kVA;Interior;-5.269671;-37.967945;-5.270944;-37.967721;Conjunto de Usinas;Solar;Conj. Alex;CJU_CEUFAL;-;2023-12-23 18:00:00;0.0;0.0;278.397;0.0
NE;Nordeste;CE;CEARA;ALEX230kVA;Interior;-5.269671;-37.967945;-5.270944;-37.967721;Conjunto de Usinas;Solar;Conj. Alex;CJU_CEUFAL;-;2023-12-23 19:00:00;0.0;0.0;278.397;0.0
NE;Nordeste;CE;CEARA;ALEX230kVA;Interior;-5.269671;-37.967945;-5.270944;-37.967721;Conjunto de Usinas;Solar;Conj. Alex;CJU_CEUFAL;-;2023-12-23 20:00:00;0.0;0.0;278.397;0.0
NE;Nordeste;CE;CEARA;ALEX230kVA;Interior;-5.269671;-37.967945;-5.270944;-37.967721;Conjunto de Usinas;Solar;Conj. Alex;CJU_CEUFAL;-;2023-12-23 21:00:00;0.0;0.0;278.397;0.0
NE;Nordeste;CE;CEARA;ALEX230kVA;Interior;-5.269671;-37.967945;-5.270944;-37.967721;Conjunto de Usinas;Solar;Conj. Alex;CJU_CEUFAL;-;2023-12-23 22:00:00;0.0;0.0;278.397;0.0
NE;Nordeste;CE;CEARA;ALEX230kVA;Interior;-5.269671;-37.967945;-5.270944;-37.967721;Conjunto de Usinas;Solar;Conj. Alex;CJU_CEUFAL;-;2023-12-23 23:00:00;0.0;0.0;278.397;0.0
NE;Nordeste;CE;CEARA;ALEX230kVA;Interior;-5.269671;-37.967945;-5.270944;-37.967721;Conjunto de Usinas;Solar;Conj. Alex;CJU_CEUFAL;-;2023-12-24 00:00:00;0.0;0.0;278.397;0.0
NE;Nordeste;CE;CEARA;ALEX230kVA;Interior;-5.269671;-37.967945;-5.270944;-37.967721;Conjunto de Usinas;Solar;Conj. Alex;CJU_CEUFAL;-;2023-12-24 01:00:00;0.0;0.0;278.397;0.0
NE;Nordeste;CE;CEARA;ALEX230kVA;Interior;-5.269671;-37.967945;-5.270944;-37.967721;Conjunto de Usinas;Solar;Conj. Alex;CJU_CEUFAL;-;2023-12-24 02:00:00;0.0;0.0;278.397;0.0
NE;Nordeste;CE;CEARA;ALEX230kVA;Interior;-5.269671;-37.967945;-5.270944;-37.967721;Conjunto de Usinas;Solar;Conj. Alex;CJU_CEUFAL;-;2023-12-24 03:00:00;0.0;0.0;278.397;0.0
NE;Nordeste;CE;CEARA;ALEX230kVA;Interior;-5.269671;-37.967945;-5.270944;-37.967721;Conjunto de Usinas;Solar;Conj. Alex;CJU_CEUFAL;-;2023-12-24 04:00:00;0.0;0.0;278.397;0.0
NE;Nordeste;CE;CEARA;ALEX230kVA;Interior;-5.269671;-37.967945;-5.270944;-37.967721;Conjunto de Usinas;Solar;Conj. Alex;CJU_CEUFAL;-;2023-12-24 05:00:00;13.0;12.059;278.397;0.0433158403287391
NE;Nordeste;CE;CEARA;ALEX230kVA;Interior;-5.269671;-37.967945;-5.270944;-37.967721;Conjunto de Usinas;Solar;Conj. Alex;CJU_CEUFAL;-;2023-12-24 06:00:00;107.0;158.326;278.397;0.5687058409393779
NE;Nordeste;CE;CEARA;ALEX230kVA;Interior;-5.269671;-37.967945;-5.270944;-37.967721;Conjunto de Usinas;Solar;Conj. Alex;CJU_CEUFAL;-;2023-12-24 07:00:00;175.5;195.645;278.397;0.7027554176230347
NE;Nordeste;CE;CEARA;ALEX230kVA;Interior;-5.269671;-37.967945;-5.270944;-37.967721;Conjunto de Usinas;Solar;Conj. Alex;CJU_CEUFAL;-;2023-12-24 08:00:00;194.0;194.438;278.397;0.698419882398158
NE;Nordeste;CE;CEARA;ALEX230kVA;Interior;-5.269671;-37.967945;-5.270944;-37.967721;Conjunto de Usinas;Solar;Conj. Alex;CJU_CEUFAL;-;2023-12-24 09:00:00;191.5;206.666;278.397;0.7423427694982345
NE;Nordeste;CE;CEARA;ALEX230kVA;Interior;-5.269671;-37.967945;-5.270944;-37.967721;Conjunto de Usinas;Solar;Conj. Alex;CJU_CEUFAL;-;2023-12-24 10:00:00;187.0;209.767;278.397;0.7534815389533651
NE;Nordeste;CE;CEARA;ALEX230kVA;Interior;-5.269671;-37.967945;-5.270944;-37.967721;Conjunto de Usinas;Solar;Conj. Alex;CJU_CEUFAL;-;2023-12-24 11:00:00;196.0;209.323;278.397;0.7518866941813309
NE;Nordeste;CE;CEARA;ALEX230kVA;Interior;-5.269671;-37.967945;-5.270944;-37.967721;Conjunto de Usinas;Solar;Conj. Alex;CJU_CEUFAL;-;2023-12-24 12:00:00;183.5;159.242;278.397;0.5719961062798808
NE;Nordeste;CE;CEARA;ALEX230kVA;Interior;-5.269671;-37.967945;-5.270944;-37.967721;Conjunto de Usinas;Solar;Conj. Alex;CJU_CEUFAL;-;2023-12-24 13:00:00;179.5;224.467;278.397;0.8062838320815238
NE;Nordeste;CE;CEARA;ALEX230kVA;Interior;-5.269671;-37.967945;-5.270944;-37.967721;Conjunto de Usinas;Solar;Conj. Alex;CJU_CEUFAL;-;2023-12-24 14:00:00;165.5;215.224;278.397;0.7730830432799204
NE;Nordeste;CE;CEARA;ALEX230kVA;Interior;-5.269671;-37.967945;-5.270944;-37.967721;Conjunto de Usinas;Solar;Conj. Alex;CJU_CEUFAL;-;2023-12-24 15:00:00;138.0;217.226;278.397;0.7802742127249934
NE;Nordeste;CE;CEARA;ALEX230kVA;Interior;-5.269671;-37.967945;-5.270944;-37.967721;Conjunto de Usinas;Solar;Conj. Alex;CJU_CEUFAL;-;2023-12-24 16:00:00;74.5;167.535;278.397;0.6017845019881679
NE;Nordeste;CE;CEARA;ALEX230kVA;Interior;-5.269671;-37.967945;-5.270944;-37.967721;Conjunto de Usinas;Solar;Conj. Alex;CJU_CEUFAL;-;2023-12-24 17:00:00;3.5;18.035;278.397;0.0647815888820641
NE;Nordeste;CE;CEARA;ALEX230kVA;Interior;-5.269671;-37.967945;-5.270944;-37.967721;Conjunto de Usinas;Solar;Conj. Alex;CJU_CEUFAL;-;2023-12-24 18:00:00;0.0;0.0;278.397;0.0
NE;Nordeste;CE;CEARA;ALEX230kVA;Interior;-5.269671;-37.967945;-5.270944;-37.967721;Conjunto de Usinas;Solar;Conj. Alex;CJU_CEUFAL;-;2023-12-24 19:00:00;0.0;0.0;278.397;0.0
NE;Nordeste;CE;CEARA;ALEX230kVA;Interior;-5.269671;-37.967945;-5.270944;-37.967721;Conjunto de Usinas;Solar;Conj. Alex;CJU_CEUFAL;-;2023-12-24 20:00:00;0.0;0.0;278.397;0.0
NE;Nordeste;CE;CEARA;ALEX230kVA;Interior;-5.269671;-37.967945;-5.270944;-37.967721;Conjunto de Usinas;Solar;Conj. Alex;CJU_CEUFAL;-;2023-12-24 21:00:00;0.0;0.0;278.397;0.0
NE;Nordeste;CE;CEARA;ALEX230kVA;Interior;-5.269671;-37.967945;-5.270944;-37.967721;Conjunto de Usinas;Solar;Conj. Alex;CJU_CEUFAL;-;2023-12-24 22:00:00;0.0;0.0;278.397;0.0
NE;Nordeste;CE;CEARA;ALEX230kVA;Interior;-5.269671;-37.967945;-5.270944;-37.967721;Conjunto de Usinas;Solar;Conj. Alex;CJU_CEUFAL;-;2023-12-24 23:00:00;0.0;0.0;278.397;0.0
NE;Nordeste;CE;CEARA;ALEX230kVA;Interior;-5.269671;-37.967945;-5.270944;-37.967721;Conjunto de Usinas;Solar;Conj. Alex;CJU_CEUFAL;-;2023-12-25 00:00:00;0.0;0.0;278.397;0.0
NE;Nordeste;CE;CEARA;ALEX230kVA;Interior;-5.269671;-37.967945;-5.270944;-37.967721;Conjunto de Usinas;Solar;Conj. Alex;CJU_CEUFAL;-;2023-12-25 01:00:00;0.0;0.0;278.397;0.0
NE;Nordeste;CE;CEARA;ALEX230kVA;Interior;-5.269671;-37.967945;-5.270944;-37.967721;Conjunto de Usinas;Solar;Conj. Alex;CJU_CEUFAL;-;2023-12-25 02:00:00;0.0;0.0;278.397;0.0
NE;Nordeste;CE;CEARA;ALEX230kVA;Interior;-5.269671;-37.967945;-5.270944;-37.967721;Conjunto de Usinas;Solar;Conj. Alex;CJU_CEUFAL;-;2023-12-25 03:00:00;0.0;0.0;278.397;0.0
NE;Nordeste;CE;CEARA;ALEX230kVA;Interior;-5.269671;-37.967945;-5.270944;-37.967721;Conjunto de Usinas;Solar;Conj. Alex;CJU_CEUFAL;-;2023-12-25 04:00:00;0.0;0.0;278.397;0.0
NE;Nordeste;CE;CEARA;ALEX230kVA;Interior;-5.269671;-37.967945;-5.270944;-37.967721;Conjunto de Usinas;Solar;Conj. Alex;CJU_CEUFAL;-;2023-12-25 05:00:00;13.0;13.965;278.397;0.0501621784717507
NE;Nordeste;CE;CEARA;ALEX230kVA;Interior;-5.269671;-37.967945;-5.270944;-37.967721;Conjunto de Usinas;Solar;Conj. Alex;CJU_CEUFAL;-;2023-12-25 06:00:00;77.0;70.992;278.397;0.2550027478744383
NE;Nordeste;CE;CEARA;ALEX230kVA;Interior;-5.269671;-37.967945;-5.270944;-37.967721;Conjunto de Usinas;Solar;Conj. Alex;CJU_CEUFAL;-;2023-12-25 07:00:00;85.5;67.894;278.397;0.243874754397497
NE;Nordeste;CE;CEARA;ALEX230kVA;Interior;-5.269671;-37.967945;-5.270944;-37.967721;Conjunto de Usinas;Solar;Conj. Alex;CJU_CEUFAL;-;2023-12-25 08:00:00;69.0;75.295;278.397;0.2704590925907965
NE;Nordeste;CE;CEARA;ALEX230kVA;Interior;-5.269671;-37.967945;-5.270944;-37.967721;Conjunto de Usinas;Solar;Conj. Alex;CJU_CEUFAL;-;2023-12-25 09:00:00;59.0;88.455;278.397;0.3177297169150529
NE;Nordeste;CE;CEARA;ALEX230kVA;Interior;-5.269671;-37.967945;-5.270944;-37.967721;Conjunto de Usinas;Solar;Conj. Alex;CJU_CEUFAL;-;2023-12-25 10:00:00;63.5;104.59;278.397;0.3756865196104843
NE;Nordeste;CE;CEARA;ALEX230kVA;Interior;-5.269671;-37.967945;-5.270944;-37.967721;Conjunto de Usinas;Solar;Conj. Alex;CJU_CEUFAL;-;2023-12-25 11:00:00;67.0;130.046;278.397;0.467124286540444
NE;Nordeste;CE;CEARA;ALEX230kVA;Interior;-5.269671;-37.967945;-5.270944;-37.967721;Conjunto de Usinas;Solar;Conj. Alex;CJU_CEUFAL;-;2023-12-25 12:00:00;64.0;143.785;278.397;0.5164746746552584
NE;Nordeste;CE;CEARA;ALEX230kVA;Interior;-5.269671;-37.967945;-5.270944;-37.967721;Conjunto de Usinas;Solar;Conj. Alex;CJU_CEUFAL;-;2023-12-25 13:00:00;60.5;144.879;278.397;0.520404314701667
NE;Nordeste;CE;CEARA;ALEX230kVA;Interior;-5.269671;-37.967945;-5.270944;-37.967721;Conjunto de Usinas;Solar;Conj. Alex;CJU_CEUFAL;-;2023-12-25 14:00:00;62.0;137.491;278.397;0.493866672413855
NE;Nordeste;CE;CEARA;ALEX230kVA;Interior;-5.269671;-37.967945;-5.270944;-37.967721;Conjunto de Usinas;Solar;Conj. Alex;CJU_CEUFAL;-;2023-12-25 15:00:00;67.0;62.414;278.397;0.2241906342381563
NE;Nordeste;CE;CEARA;ALEX230kVA;Interior;-5.269671;-37.967945;-5.270944;-37.967721;Conjunto de Usinas;Solar;Conj. Alex;CJU_CEUFAL;-;2023-12-25 16:00:00;60.0;33.444;278.397;0.1201306048556557
NE;Nordeste;CE;CEARA;ALEX230kVA;Interior;-5.269671;-37.967945;-5.270944;-37.967721;Conjunto de Usinas;Solar;Conj. Alex;CJU_CEUFAL;-;2023-12-25 17:00:00;3.5;15.987;278.397;0.0574251877714199
NE;Nordeste;CE;CEARA;ALEX230kVA;Interior;-5.269671;-37.967945;-5.270944;-37.967721;Conjunto de Usinas;Solar;Conj. Alex;CJU_CEUFAL;-;2023-12-25 18:00:00;0.0;0.0;278.397;0.0
NE;Nordeste;CE;CEARA;ALEX230kVA;Interior;-5.269671;-37.967945;-5.270944;-37.967721;Conjunto de Usinas;Solar;Conj. Alex;CJU_CEUFAL;-;2023-12-25 19:00:00;0.0;0.0;278.397;0.0
NE;Nordeste;CE;CEARA;ALEX230kVA;Interior;-5.269671;-37.967945;-5.270944;-37.967721;Conjunto de Usinas;Solar;Conj. Alex;CJU_CEUFAL;-;2023-12-25 20:00:00;0.0;0.0;278.397;0.0
NE;Nordeste;CE;CEARA;ALEX230kVA;Interior;-5.269671;-37.967945;-5.270944;-37.967721;Conjunto de Usinas;Solar;Conj. Alex;CJU_CEUFAL;-;2023-12-25 21:00:00;0.0;0.0;278.397;0.0
NE;Nordeste;CE;CEARA;ALEX230kVA;Interior;-5.269671;-37.967945;-5.270944;-37.967721;Conjunto de Usinas;Solar;Conj. Alex;CJU_CEUFAL;-;2023-12-25 22:00:00;0.0;0.0;278.397;0.0
NE;Nordeste;CE;CEARA;ALEX230kVA;Interior;-5.269671;-37.967945;-5.270944;-37.967721;Conjunto de Usinas;Solar;Conj. Alex;CJU_CEUFAL;-;2023-12-25 23:00:00;0.0;0.0;278.397;0.0
NE;Nordeste;CE;CEARA;ALEX230kVA;Interior;-5.269671;-37.967945;-5.270944;-37.967721;Conjunto de Usinas;Solar;Conj. Alex;CJU_CEUFAL;-;2023-12-26 00:00:00;0.0;0.0;278.397;0.0
NE;Nordeste;CE;CEARA;ALEX230kVA;Interior;-5.269671;-37.967945;-5.270944;-37.967721;Conjunto de Usinas;Solar;Conj. Alex;CJU_CEUFAL;-;2023-12-26 01:00:00;0.0;0.0;278.397;0.0
NE;Nordeste;CE;CEARA;ALEX230kVA;Interior;-5.269671;-37.967945;-5.270944;-37.967721;Conjunto de Usinas;Solar;Conj. Alex;CJU_CEUFAL;-;2023-12-26 02:00:00;0.0;0.0;278.397;0.0
NE;Nordeste;CE;CEARA;ALEX230kVA;Interior;-5.269671;-37.967945;-5.270944;-37.967721;Conjunto de Usinas;Solar;Conj. Alex;CJU_CEUFAL;-;2023-12-26 03:00:00;0.0;0.0;278.397;0.0
NE;Nordeste;CE;CEARA;ALEX230kVA;Interior;-5.269671;-37.967945;-5.270944;-37.967721;Conjunto de Usinas;Solar;Conj. Alex;CJU_CEUFAL;-;2023-12-26 04:00:00;0.0;0.0;278.397;0.0
NE;Nordeste;CE;CEARA;ALEX230kVA;Interior;-5.269671;-37.967945;-5.270944;-37.967721;Conjunto de Usinas;Solar;Conj. Alex;CJU_CEUFAL;-;2023-12-26 05:00:00;15.0;10.769;278.397;0.0386821697072885
NE;Nordeste;CE;CEARA;ALEX230kVA;Interior;-5.269671;-37.967945;-5.270944;-37.967721;Conjunto de Usinas;Solar;Conj. Alex;CJU_CEUFAL;-;2023-12-26 06:00:00;107.5;150.868;278.397;0.5419167591604794
NE;Nordeste;CE;CEARA;ALEX230kVA;Interior;-5.269671;-37.967945;-5.270944;-37.967721;Conjunto de Usinas;Solar;Conj. Alex;CJU_CEUFAL;-;2023-12-26 07:00:00;170.5;248.246;278.397;0.8916978272035977
NE;Nordeste;CE;CEARA;ALEX230kVA;Interior;-5.269671;-37.967945;-5.270944;-37.967721;Conjunto de Usinas;Solar;Conj. Alex;CJU_CEUFAL;-;2023-12-26 08:00:00;186.5;251.202;278.397;0.9023157577129064
NE;Nordeste;CE;CEARA;ALEX230kVA;Interior;-5.269671;-37.967945;-5.270944;-37.967721;Conjunto de Usinas;Solar;Conj. Alex;CJU_CEUFAL;-;2023-12-26 09:00:00;187.0;201.708;278.397;0.7245336695438528
NE;Nordeste;CE;CEARA;ALEX230kVA;Interior;-5.269671;-37.967945;-5.270944;-37.967721;Conjunto de Usinas;Solar;Conj. Alex;CJU_CEUFAL;-;2023-12-26 10:00:00;192.5;181.94;278.397;0.6535271572610337
NE;Nordeste;CE;CEARA;ALEX230kVA;Interior;-5.269671;-37.967945;-5.270944;-37.967721;Conjunto de Usinas;Solar;Conj. Alex;CJU_CEUFAL;-;2023-12-26 11:00:00;191.5;206.496;278.397;0.7417321307341673
NE;Nordeste;CE;CEARA;ALEX230kVA;Interior;-5.269671;-37.967945;-5.270944;-37.967721;Conjunto de Usinas;Solar;Conj. Alex;CJU_CEUFAL;-;2023-12-26 12:00:00;175.0;208.526;278.397;0.749023875975675
NE;Nordeste;CE;CEARA;ALEX230kVA;Interior;-5.269671;-37.967945;-5.270944;-37.967721;Conjunto de Usinas;Solar;Conj. Alex;CJU_CEUFAL;-;2023-12-26 13:00:00;148.0;176.666;278.397;0.634582987604033
NE;Nordeste;CE;CEARA;ALEX230kVA;Interior;-5.269671;-37.967945;-5.270944;-37.967721;Conjunto de Usinas;Solar;Conj. Alex;CJU_CEUFAL;-;2023-12-26 14:00:00;118.0;143.469;278.397;0.5153396049526395
NE;Nordeste;CE;CEARA;ALEX230kVA;Interior;-5.269671;-37.967945;-5.270944;-37.967721;Conjunto de Usinas;Solar;Conj. Alex;CJU_CEUFAL;-;2023-12-26 15:00:00;96.0;84.432;278.397;0.3032791301630405
NE;Nordeste;CE;CEARA;ALEX230kVA;Interior;-5.269671;-37.967945;-5.270944;-37.967721;Conjunto de Usinas;Solar;Conj. Alex;CJU_CEUFAL;-;2023-12-26 16:00:00;65.5;85.313;278.397;0.3064436757580002
NE;Nordeste;CE;CEARA;ALEX230kVA;Interior;-5.269671;-37.967945;-5.270944;-37.967721;Conjunto de Usinas;Solar;Conj. Alex;CJU_CEUFAL;-;2023-12-26 17:00:00;3.5;5.519;278.397;0.0198242078758032
NE;Nordeste;CE;CEARA;ALEX230kVA;Interior;-5.269671;-37.967945;-5.270944;-37.967721;Conjunto de Usinas;Solar;Conj. Alex;CJU_CEUFAL;-;2023-12-26 18:00:00;0.0;0.0;278.397;0.0
NE;Nordeste;CE;CEARA;ALEX230kVA;Interior;-5.269671;-37.967945;-5.270944;-37.967721;Conjunto de Usinas;Solar;Conj. Alex;CJU_CEUFAL;-;2023-12-26 19:00:00;0.0;0.0;278.397;0.0
NE;Nordeste;CE;CEARA;ALEX230kVA;Interior;-5.269671;-37.967945;-5.270944;-37.967721;Conjunto de Usinas;Solar;Conj. Alex;CJU_CEUFAL;-;2023-12-26 20:00:00;0.0;0.0;278.397;0.0
NE;Nordeste;CE;CEARA;ALEX230kVA;Interior;-5.269671;-37.967945;-5.270944;-37.967721;Conjunto de Usinas;Solar;Conj. Alex;CJU_CEUFAL;-;2023-12-26 21:00:00;0.0;0.0;278.397;0.0
NE;Nordeste;CE;CEARA;ALEX230kVA;Interior;-5.269671;-37.967945;-5.270944;-37.967721;Conjunto de Usinas;Solar;Conj. Alex;CJU_CEUFAL;-;2023-12-26 22:00:00;0.0;0.0;278.397;0.0
NE;Nordeste;CE;CEARA;ALEX230kVA;Interior;-5.269671;-37.967945;-5.270944;-37.967721;Conjunto de Usinas;Solar;Conj. Alex;CJU_CEUFAL;-;2023-12-26 23:00:00;0.0;0.0;278.397;0.0
NE;Nordeste;CE;CEARA;ALEX230kVA;Interior;-5.269671;-37.967945;-5.270944;-37.967721;Conjunto de Usinas;Solar;Conj. Alex;CJU_CEUFAL;-;2023-12-27 00:00:00;0.0;0.0;278.397;0.0
NE;Nordeste;CE;CEARA;ALEX230kVA;Interior;-5.269671;-37.967945;-5.270944;-37.967721;Conjunto de Usinas;Solar;Conj. Alex;CJU_CEUFAL;-;2023-12-27 01:00:00;0.0;0.0;278.397;0.0
NE;Nordeste;CE;CEARA;ALEX230kVA;Interior;-5.269671;-37.967945;-5.270944;-37.967721;Conjunto de Usinas;Solar;Conj. Alex;CJU_CEUFAL;-;2023-12-27 02:00:00;0.0;0.0;278.397;0.0
NE;Nordeste;CE;CEARA;ALEX230kVA;Interior;-5.269671;-37.967945;-5.270944;-37.967721;Conjunto de Usinas;Solar;Conj. Alex;CJU_CEUFAL;-;2023-12-27 03:00:00;0.0;0.0;278.397;0.0
NE;Nordeste;CE;CEARA;ALEX230kVA;Interior;-5.269671;-37.967945;-5.270944;-37.967721;Conjunto de Usinas;Solar;Conj. Alex;CJU_CEUFAL;-;2023-12-27 04:00:00;0.0;0.0;278.397;0.0
NE;Nordeste;CE;CEARA;ALEX230kVA;Interior;-5.269671;-37.967945;-5.270944;-37.967721;Conjunto de Usinas;Solar;Conj. Alex;CJU_CEUFAL;-;2023-12-27 05:00:00;16.0;13.162;278.397;0.0472778083097159
NE;Nordeste;CE;CEARA;ALEX230kVA;Interior;-5.269671;-37.967945;-5.270944;-37.967721;Conjunto de Usinas;Solar;Conj. Alex;CJU_CEUFAL;-;2023-12-27 06:00:00;107.0;158.314;278.397;0.5686627370266202
NE;Nordeste;CE;CEARA;ALEX230kVA;Interior;-5.269671;-37.967945;-5.270944;-37.967721;Conjunto de Usinas;Solar;Conj. Alex;CJU_CEUFAL;-;2023-12-27 07:00:00;169.0;238.294;278.397;0.8559503155565613
NE;Nordeste;CE;CEARA;ALEX230kVA;Interior;-5.269671;-37.967945;-5.270944;-37.967721;Conjunto de Usinas;Solar;Conj. Alex;CJU_CEUFAL;-;2023-12-27 08:00:00;184.5;185.376;278.397;0.6658692442806495
NE;Nordeste;CE;CEARA;ALEX230kVA;Interior;-5.269671;-37.967945;-5.270944;-37.967721;Conjunto de Usinas;Solar;Conj. Alex;CJU_CEUFAL;-;2023-12-27 09:00:00;187.0;166.422;278.397;0.5977866140798931
NE;Nordeste;CE;CEARA;ALEX230kVA;Interior;-5.269671;-37.967945;-5.270944;-37.967721;Conjunto de Usinas;Solar;Conj. Alex;CJU_CEUFAL;-;2023-12-27 10:00:00;194.0;199.482;278.397;0.716537893727303
NE;Nordeste;CE;CEARA;ALEX230kVA;Interior;-5.269671;-37.967945;-5.270944;-37.967721;Conjunto de Usinas;Solar;Conj. Alex;CJU_CEUFAL;-;2023-12-27 11:00:00;200.0;219.914;278.397;0.7899294891827138
NE;Nordeste;CE;CEARA;ALEX230kVA;Interior;-5.269671;-37.967945;-5.270944;-37.967721;Conjunto de Usinas;Solar;Conj. Alex;CJU_CEUFAL;-;2023-12-27 12:00:00;198.0;237.264;278.397;0.8522505630448604
NE;Nordeste;CE;CEARA;ALEX230kVA;Interior;-5.269671;-37.967945;-5.270944;-37.967721;Conjunto de Usinas;Solar;Conj. Alex;CJU_CEUFAL;-;2023-12-27 13:00:00;187.0;200.585;278.397;0.72049986170828
NE;Nordeste;CE;CEARA;ALEX230kVA;Interior;-5.269671;-37.967945;-5.270944;-37.967721;Conjunto de Usinas;Solar;Conj. Alex;CJU_CEUFAL;-;2023-12-27 14:00:00;153.5;189.104;278.397;0.679260193177369
NE;Nordeste;CE;CEARA;ALEX230kVA;Interior;-5.269671;-37.967945;-5.270944;-37.967721;Conjunto de Usinas;Solar;Conj. Alex;CJU_CEUFAL;-;2023-12-27 15:00:00;115.0;127.492;278.397;0.4579503371085176
NE;Nordeste;CE;CEARA;ALEX230kVA;Interior;-5.269671;-37.967945;-5.270944;-37.967721;Conjunto de Usinas;Solar;Conj. Alex;CJU_CEUFAL;-;2023-12-27 16:00:00;68.5;63.324;278.397;0.2274593476222804
NE;Nordeste;CE;CEARA;ALEX230kVA;Interior;-5.269671;-37.967945;-5.270944;-37.967721;Conjunto de Usinas;Solar;Conj. Alex;CJU_CEUFAL;-;2023-12-27 17:00:00;3.5;8.091;278.397;0.0290628131768661
NE;Nordeste;CE;CEARA;ALEX230kVA;Interior;-5.269671;-37.967945;-5.270944;-37.967721;Conjunto de Usinas;Solar;Conj. Alex;CJU_CEUFAL;-;2023-12-27 18:00:00;0.0;0.0;278.397;0.0
NE;Nordeste;CE;CEARA;ALEX230kVA;Interior;-5.269671;-37.967945;-5.270944;-37.967721;Conjunto de Usinas;Solar;Conj. Alex;CJU_CEUFAL;-;2023-12-27 19:00:00;0.0;0.0;278.397;0.0
NE;Nordeste;CE;CEARA;ALEX230kVA;Interior;-5.269671;-37.967945;-5.270944;-37.967721;Conjunto de Usinas;Solar;Conj. Alex;CJU_CEUFAL;-;2023-12-27 20:00:00;0.0;0.0;278.397;0.0
NE;Nordeste;CE;CEARA;ALEX230kVA;Interior;-5.269671;-37.967945;-5.270944;-37.967721;Conjunto de Usinas;Solar;Conj. Alex;CJU_CEUFAL;-;2023-12-27 21:00:00;0.0;0.0;278.397;0.0
NE;Nordeste;CE;CEARA;ALEX230kVA;Interior;-5.269671;-37.967945;-5.270944;-37.967721;Conjunto de Usinas;Solar;Conj. Alex;CJU_CEUFAL;-;2023-12-27 22:00:00;0.0;0.0;278.397;0.0
NE;Nordeste;CE;CEARA;ALEX230kVA;Interior;-5.269671;-37.967945;-5.270944;-37.967721;Conjunto de Usinas;Solar;Conj. Alex;CJU_CEUFAL;-;2023-12-27 23:00:00;0.0;0.0;278.397;0.0
NE;Nordeste;CE;CEARA;ALEX230kVA;Interior;-5.269671;-37.967945;-5.270944;-37.967721;Conjunto de Usinas;Solar;Conj. Alex;CJU_CEUFAL;-;2023-12-28 00:00:00;0.0;0.0;278.397;0.0
NE;Nordeste;CE;CEARA;ALEX230kVA;Interior;-5.269671;-37.967945;-5.270944;-37.967721;Conjunto de Usinas;Solar;Conj. Alex;CJU_CEUFAL;-;2023-12-28 01:00:00;0.0;0.0;278.397;0.0
NE;Nordeste;CE;CEARA;ALEX230kVA;Interior;-5.269671;-37.967945;-5.270944;-37.967721;Conjunto de Usinas;Solar;Conj. Alex;CJU_CEUFAL;-;2023-12-28 02:00:00;0.0;0.0;278.397;0.0
NE;Nordeste;CE;CEARA;ALEX230kVA;Interior;-5.269671;-37.967945;-5.270944;-37.967721;Conjunto de Usinas;Solar;Conj. Alex;CJU_CEUFAL;-;2023-12-28 03:00:00;0.0;0.0;278.397;0.0
NE;Nordeste;CE;CEARA;ALEX230kVA;Interior;-5.269671;-37.967945;-5.270944;-37.967721;Conjunto de Usinas;Solar;Conj. Alex;CJU_CEUFAL;-;2023-12-28 04:00:00;0.0;0.0;278.397;0.0
NE;Nordeste;CE;CEARA;ALEX230kVA;Interior;-5.269671;-37.967945;-5.270944;-37.967721;Conjunto de Usinas;Solar;Conj. Alex;CJU_CEUFAL;-;2023-12-28 05:00:00;15.5;4.037;278.397;0.0145008746502297
NE;Nordeste;CE;CEARA;ALEX230kVA;Interior;-5.269671;-37.967945;-5.270944;-37.967721;Conjunto de Usinas;Solar;Conj. Alex;CJU_CEUFAL;-;2023-12-28 06:00:00;108.0;51.446;278.397;0.1847936579776362
NE;Nordeste;CE;CEARA;ALEX230kVA;Interior;-5.269671;-37.967945;-5.270944;-37.967721;Conjunto de Usinas;Solar;Conj. Alex;CJU_CEUFAL;-;2023-12-28 07:00:00;173.5;84.528;278.397;0.3036239614651019
NE;Nordeste;CE;CEARA;ALEX230kVA;Interior;-5.269671;-37.967945;-5.270944;-37.967721;Conjunto de Usinas;Solar;Conj. Alex;CJU_CEUFAL;-;2023-12-28 08:00:00;196.0;203.659;278.397;0.7315416473597057
NE;Nordeste;CE;CEARA;ALEX230kVA;Interior;-5.269671;-37.967945;-5.270944;-37.967721;Conjunto de Usinas;Solar;Conj. Alex;CJU_CEUFAL;-;2023-12-28 09:00:00;202.5;197.879;278.397;0.7107799293814229
NE;Nordeste;CE;CEARA;ALEX230kVA;Interior;-5.269671;-37.967945;-5.270944;-37.967721;Conjunto de Usinas;Solar;Conj. Alex;CJU_CEUFAL;-;2023-12-28 10:00:00;209.5;202.861;278.397;0.7286752371613199
NE;Nordeste;CE;CEARA;ALEX230kVA;Interior;-5.269671;-37.967945;-5.270944;-37.967721;Conjunto de Usinas;Solar;Conj. Alex;CJU_CEUFAL;-;2023-12-28 11:00:00;214.5;220.755;278.397;0.7929503550684813
NE;Nordeste;CE;CEARA;ALEX230kVA;Interior;-5.269671;-37.967945;-5.270944;-37.967721;Conjunto de Usinas;Solar;Conj. Alex;CJU_CEUFAL;-;2023-12-28 12:00:00;211.0;234.126;278.397;0.8409788898587269
NE;Nordeste;CE;CEARA;ALEX230kVA;Interior;-5.269671;-37.967945;-5.270944;-37.967721;Conjunto de Usinas;Solar;Conj. Alex;CJU_CEUFAL;-;2023-12-28 13:00:00;197.5;212.265;278.397;0.7624543367924222
NE;Nordeste;CE;CEARA;ALEX230kVA;Interior;-5.269671;-37.967945;-5.270944;-37.967721;Conjunto de Usinas;Solar;Conj. Alex;CJU_CEUFAL;-;2023-12-28 14:00:00;178.5;248.827;278.397;0.8937847749796154
NE;Nordeste;CE;CEARA;ALEX230kVA;Interior;-5.269671;-37.967945;-5.270944;-37.967721;Conjunto de Usinas;Solar;Conj. Alex;CJU_CEUFAL;-;2023-12-28 15:00:00;148.0;224.159;278.397;0.8051774983207433
NE;Nordeste;CE;CEARA;ALEX230kVA;Interior;-5.269671;-37.967945;-5.270944;-37.967721;Conjunto de Usinas;Solar;Conj. Alex;CJU_CEUFAL;-;2023-12-28 16:00:00;90.0;89.8;278.397;0.3225609471366429
NE;Nordeste;CE;CEARA;ALEX230kVA;Interior;-5.269671;-37.967945;-5.270944;-37.967721;Conjunto de Usinas;Solar;Conj. Alex;CJU_CEUFAL;-;2023-12-28 17:00:00;6.0;5.469;278.397;0.0196446082393129
NE;Nordeste;CE;CEARA;ALEX230kVA;Interior;-5.269671;-37.967945;-5.270944;-37.967721;Conjunto de Usinas;Solar;Conj. Alex;CJU_CEUFAL;-;2023-12-28 18:00:00;0.0;0.0;278.397;0.0
NE;Nordeste;CE;CEARA;ALEX230kVA;Interior;-5.269671;-37.967945;-5.270944;-37.967721;Conjunto de Usinas;Solar;Conj. Alex;CJU_CEUFAL;-;2023-12-28 19:00:00;0.0;0.0;278.397;0.0
NE;Nordeste;CE;CEARA;ALEX230kVA;Interior;-5.269671;-37.967945;-5.270944;-37.967721;Conjunto de Usinas;Solar;Conj. Alex;CJU_CEUFAL;-;2023-12-28 20:00:00;0.0;0.0;278.397;0.0
NE;Nordeste;CE;CEARA;ALEX230kVA;Interior;-5.269671;-37.967945;-5.270944;-37.967721;Conjunto de Usinas;Solar;Conj. Alex;CJU_CEUFAL;-;2023-12-28 21:00:00;0.0;0.0;278.397;0.0
NE;Nordeste;CE;CEARA;ALEX230kVA;Interior;-5.269671;-37.967945;-5.270944;-37.967721;Conjunto de Usinas;Solar;Conj. Alex;CJU_CEUFAL;-;2023-12-28 22:00:00;0.0;0.0;278.397;0.0
NE;Nordeste;CE;CEARA;ALEX230kVA;Interior;-5.269671;-37.967945;-5.270944;-37.967721;Conjunto de Usinas;Solar;Conj. Alex;CJU_CEUFAL;-;2023-12-28 23:00:00;0.0;0.0;278.397;0.0
NE;Nordeste;CE;CEARA;ALEX230kVA;Interior;-5.269671;-37.967945;-5.270944;-37.967721;Conjunto de Usinas;Solar;Conj. Alex;CJU_CEUFAL;-;2023-12-29 00:00:00;0.0;0.0;278.397;0.0
NE;Nordeste;CE;CEARA;ALEX230kVA;Interior;-5.269671;-37.967945;-5.270944;-37.967721;Conjunto de Usinas;Solar;Conj. Alex;CJU_CEUFAL;-;2023-12-29 01:00:00;0.0;0.0;278.397;0.0
NE;Nordeste;CE;CEARA;ALEX230kVA;Interior;-5.269671;-37.967945;-5.270944;-37.967721;Conjunto de Usinas;Solar;Conj. Alex;CJU_CEUFAL;-;2023-12-29 02:00:00;0.0;0.0;278.397;0.0
NE;Nordeste;CE;CEARA;ALEX230kVA;Interior;-5.269671;-37.967945;-5.270944;-37.967721;Conjunto de Usinas;Solar;Conj. Alex;CJU_CEUFAL;-;2023-12-29 03:00:00;0.0;0.0;278.397;0.0
NE;Nordeste;CE;CEARA;ALEX230kVA;Interior;-5.269671;-37.967945;-5.270944;-37.967721;Conjunto de Usinas;Solar;Conj. Alex;CJU_CEUFAL;-;2023-12-29 04:00:00;0.0;0.0;278.397;0.0
NE;Nordeste;CE;CEARA;ALEX230kVA;Interior;-5.269671;-37.967945;-5.270944;-37.967721;Conjunto de Usinas;Solar;Conj. Alex;CJU_CEUFAL;-;2023-12-29 05:00:00;16.0;11.881;278.397;0.0426764656228335
NE;Nordeste;CE;CEARA;ALEX230kVA;Interior;-5.269671;-37.967945;-5.270944;-37.967721;Conjunto de Usinas;Solar;Conj. Alex;CJU_CEUFAL;-;2023-12-29 06:00:00;111.5;160.86;278.397;0.5778079505167081
NE;Nordeste;CE;CEARA;ALEX230kVA;Interior;-5.269671;-37.967945;-5.270944;-37.967721;Conjunto de Usinas;Solar;Conj. Alex;CJU_CEUFAL;-;2023-12-29 07:00:00;180.0;256.093;278.397;0.919884194154391
NE;Nordeste;CE;CEARA;ALEX230kVA;Interior;-5.269671;-37.967945;-5.270944;-37.967721;Conjunto de Usinas;Solar;Conj. Alex;CJU_CEUFAL;-;2023-12-29 08:00:00;204.0;274.728;278.397;0.9868209786743392
NE;Nordeste;CE;CEARA;ALEX230kVA;Interior;-5.269671;-37.967945;-5.270944;-37.967721;Conjunto de Usinas;Solar;Conj. Alex;CJU_CEUFAL;-;2023-12-29 09:00:00;213.5;263.128;278.397;0.9451538630085812
NE;Nordeste;CE;CEARA;ALEX230kVA;Interior;-5.269671;-37.967945;-5.270944;-37.967721;Conjunto de Usinas;Solar;Conj. Alex;CJU_CEUFAL;-;2023-12-29 10:00:00;221.0;251.03;278.397;0.9016979349633796
NE;Nordeste;CE;CEARA;ALEX230kVA;Interior;-5.269671;-37.967945;-5.270944;-37.967721;Conjunto de Usinas;Solar;Conj. Alex;CJU_CEUFAL;-;2023-12-29 11:00:00;220.0;262.082;278.397;0.9413966386132034
NE;Nordeste;CE;CEARA;ALEX230kVA;Interior;-5.269671;-37.967945;-5.270944;-37.967721;Conjunto de Usinas;Solar;Conj. Alex;CJU_CEUFAL;-;2023-12-29 12:00:00;210.5;259.498;278.397;0.9321149293993828
NE;Nordeste;CE;CEARA;ALEX230kVA;Interior;-5.269671;-37.967945;-5.270944;-37.967721;Conjunto de Usinas;Solar;Conj. Alex;CJU_CEUFAL;-;2023-12-29 13:00:00;199.5;266.256;278.397;0.9563896162674166
NE;Nordeste;CE;CEARA;ALEX230kVA;Interior;-5.269671;-37.967945;-5.270944;-37.967721;Conjunto de Usinas;Solar;Conj. Alex;CJU_CEUFAL;-;2023-12-29 14:00:00;186.5;265.052;278.397;0.9520648570207292
NE;Nordeste;CE;CEARA;ALEX230kVA;Interior;-5.269671;-37.967945;-5.270944;-37.967721;Conjunto de Usinas;Solar;Conj. Alex;CJU_CEUFAL;-;2023-12-29 15:00:00;161.0;242.265;278.397;0.8702141186866237
NE;Nordeste;CE;CEARA;ALEX230kVA;Interior;-5.269671;-37.967945;-5.270944;-37.967721;Conjunto de Usinas;Solar;Conj. Alex;CJU_CEUFAL;-;2023-12-29 16:00:00;101.0;169.496;278.397;0.6088283997313189
NE;Nordeste;CE;CEARA;ALEX230kVA;Interior;-5.269671;-37.967945;-5.270944;-37.967721;Conjunto de Usinas;Solar;Conj. Alex;CJU_CEUFAL;-;2023-12-29 17:00:00;6.0;19.723;278.397;0.0708448726099778
NE;Nordeste;CE;CEARA;ALEX230kVA;Interior;-5.269671;-37.967945;-5.270944;-37.967721;Conjunto de Usinas;Solar;Conj. Alex;CJU_CEUFAL;-;2023-12-29 18:00:00;0.0;0.0;278.397;0.0
NE;Nordeste;CE;CEARA;ALEX230kVA;Interior;-5.269671;-37.967945;-5.270944;-37.967721;Conjunto de Usinas;Solar;Conj. Alex;CJU_CEUFAL;-;2023-12-29 19:00:00;0.0;0.0;278.397;0.0
NE;Nordeste;CE;CEARA;ALEX230kVA;Interior;-5.269671;-37.967945;-5.270944;-37.967721;Conjunto de Usinas;Solar;Conj. Alex;CJU_CEUFAL;-;2023-12-29 20:00:00;0.0;0.0;278.397;0.0
NE;Nordeste;CE;CEARA;ALEX230kVA;Interior;-5.269671;-37.967945;-5.270944;-37.967721;Conjunto de Usinas;Solar;Conj. Alex;CJU_CEUFAL;-;2023-12-29 21:00:00;0.0;0.0;278.397;0.0
NE;Nordeste;CE;CEARA;ALEX230kVA;Interior;-5.269671;-37.967945;-5.270944;-37.967721;Conjunto de Usinas;Solar;Conj. Alex;CJU_CEUFAL;-;2023-12-29 22:00:00;0.0;0.0;278.397;0.0
NE;Nordeste;CE;CEARA;ALEX230kVA;Interior;-5.269671;-37.967945;-5.270944;-37.967721;Conjunto de Usinas;Solar;Conj. Alex;CJU_CEUFAL;-;2023-12-29 23:00:00;0.0;0.0;278.397;0.0
NE;Nordeste;CE;CEARA;ALEX230kVA;Interior;-5.269671;-37.967945;-5.270944;-37.967721;Conjunto de Usinas;Solar;Conj. Alex;CJU_CEUFAL;-;2023-12-30 00:00:00;0.0;0.0;278.397;0.0
NE;Nordeste;CE;CEARA;ALEX230kVA;Interior;-5.269671;-37.967945;-5.270944;-37.967721;Conjunto de Usinas;Solar;Conj. Alex;CJU_CEUFAL;-;2023-12-30 01:00:00;0.0;0.0;278.397;0.0
NE;Nordeste;CE;CEARA;ALEX230kVA;Interior;-5.269671;-37.967945;-5.270944;-37.967721;Conjunto de Usinas;Solar;Conj. Alex;CJU_CEUFAL;-;2023-12-30 02:00:00;0.0;0.0;278.397;0.0
NE;Nordeste;CE;CEARA;ALEX230kVA;Interior;-5.269671;-37.967945;-5.270944;-37.967721;Conjunto de Usinas;Solar;Conj. Alex;CJU_CEUFAL;-;2023-12-30 03:00:00;0.0;0.0;278.397;0.0
NE;Nordeste;CE;CEARA;ALEX230kVA;Interior;-5.269671;-37.967945;-5.270944;-37.967721;Conjunto de Usinas;Solar;Conj. Alex;CJU_CEUFAL;-;2023-12-30 04:00:00;0.0;0.0;278.397;0.0
NE;Nordeste;CE;CEARA;ALEX230kVA;Interior;-5.269671;-37.967945;-5.270944;-37.967721;Conjunto de Usinas;Solar;Conj. Alex;CJU_CEUFAL;-;2023-12-30 05:00:00;15.5;11.864;278.397;0.0426154017464268
NE;Nordeste;CE;CEARA;ALEX230kVA;Interior;-5.269671;-37.967945;-5.270944;-37.967721;Conjunto de Usinas;Solar;Conj. Alex;CJU_CEUFAL;-;2023-12-30 06:00:00;110.5;49.151;278.397;0.1765500346627298
NE;Nordeste;CE;CEARA;ALEX230kVA;Interior;-5.269671;-37.967945;-5.270944;-37.967721;Conjunto de Usinas;Solar;Conj. Alex;CJU_CEUFAL;-;2023-12-30 07:00:00;178.5;83.127;278.397;0.2985915796506427
NE;Nordeste;CE;CEARA;ALEX230kVA;Interior;-5.269671;-37.967945;-5.270944;-37.967721;Conjunto de Usinas;Solar;Conj. Alex;CJU_CEUFAL;-;2023-12-30 08:00:00;201.0;200.727;278.397;0.7210099246759124
NE;Nordeste;CE;CEARA;ALEX230kVA;Interior;-5.269671;-37.967945;-5.270944;-37.967721;Conjunto de Usinas;Solar;Conj. Alex;CJU_CEUFAL;-;2023-12-30 09:00:00;205.0;215.026;278.397;0.7723718287194186
NE;Nordeste;CE;CEARA;ALEX230kVA;Interior;-5.269671;-37.967945;-5.270944;-37.967721;Conjunto de Usinas;Solar;Conj. Alex;CJU_CEUFAL;-;2023-12-30 10:00:00;209.0;212.015;278.397;0.7615563386099706
NE;Nordeste;CE;CEARA;ALEX230kVA;Interior;-5.269671;-37.967945;-5.270944;-37.967721;Conjunto de Usinas;Solar;Conj. Alex;CJU_CEUFAL;-;2023-12-30 11:00:00;211.0;235.96;278.397;0.8475666045251924
NE;Nordeste;CE;CEARA;ALEX230kVA;Interior;-5.269671;-37.967945;-5.270944;-37.967721;Conjunto de Usinas;Solar;Conj. Alex;CJU_CEUFAL;-;2023-12-30 12:00:00;205.0;261.35;278.397;0.9387672999349848
NE;Nordeste;CE;CEARA;ALEX230kVA;Interior;-5.269671;-37.967945;-5.270944;-37.967721;Conjunto de Usinas;Solar;Conj. Alex;CJU_CEUFAL;-;2023-12-30 13:00:00;195.0;255.008;278.397;0.9159868820425509
NE;Nordeste;CE;CEARA;ALEX230kVA;Interior;-5.269671;-37.967945;-5.270944;-37.967721;Conjunto de Usinas;Solar;Conj. Alex;CJU_CEUFAL;-;2023-12-30 14:00:00;173.5;258.044;278.397;0.926892171970244
NE;Nordeste;CE;CEARA;ALEX230kVA;Interior;-5.269671;-37.967945;-5.270944;-37.967721;Conjunto de Usinas;Solar;Conj. Alex;CJU_CEUFAL;-;2023-12-30 15:00:00;137.5;227.605;278.397;0.8175555052676573
NE;Nordeste;CE;CEARA;ALEX230kVA;Interior;-5.269671;-37.967945;-5.270944;-37.967721;Conjunto de Usinas;Solar;Conj. Alex;CJU_CEUFAL;-;2023-12-30 16:00:00;82.0;107.99;278.397;0.3878992948918271
NE;Nordeste;CE;CEARA;ALEX230kVA;Interior;-5.269671;-37.967945;-5.270944;-37.967721;Conjunto de Usinas;Solar;Conj. Alex;CJU_CEUFAL;-;2023-12-30 17:00:00;6.0;18.478;278.397;0.0663728416613684
NE;Nordeste;CE;CEARA;ALEX230kVA;Interior;-5.269671;-37.967945;-5.270944;-37.967721;Conjunto de Usinas;Solar;Conj. Alex;CJU_CEUFAL;-;2023-12-30 18:00:00;0.0;0.0;278.397;0.0
NE;Nordeste;CE;CEARA;ALEX230kVA;Interior;-5.269671;-37.967945;-5.270944;-37.967721;Conjunto de Usinas;Solar;Conj. Alex;CJU_CEUFAL;-;2023-12-30 19:00:00;0.0;0.0;278.397;0.0
NE;Nordeste;CE;CEARA;ALEX230kVA;Interior;-5.269671;-37.967945;-5.270944;-37.967721;Conjunto de Usinas;Solar;Conj. Alex;CJU_CEUFAL;-;2023-12-30 20:00:00;0.0;0.0;278.397;0.0
NE;Nordeste;CE;CEARA;ALEX230kVA;Interior;-5.269671;-37.967945;-5.270944;-37.967721;Conjunto de Usinas;Solar;Conj. Alex;CJU_CEUFAL;-;2023-12-30 21:00:00;0.0;0.0;278.397;0.0
NE;Nordeste;CE;CEARA;ALEX230kVA;Interior;-5.269671;-37.967945;-5.270944;-37.967721;Conjunto de Usinas;Solar;Conj. Alex;CJU_CEUFAL;-;2023-12-30 22:00:00;0.0;0.0;278.397;0.0
NE;Nordeste;CE;CEARA;ALEX230kVA;Interior;-5.269671;-37.967945;-5.270944;-37.967721;Conjunto de Usinas;Solar;Conj. Alex;CJU_CEUFAL;-;2023-12-30 23:00:00;0.0;0.0;278.397;0.0
NE;Nordeste;CE;CEARA;ALEX230kVA;Interior;-5.269671;-37.967945;-5.270944;-37.967721;Conjunto de Usinas;Solar;Conj. Alex;CJU_CEUFAL;-;2023-12-31 00:00:00;0.0;0.0;278.397;0.0
NE;Nordeste;CE;CEARA;ALEX230kVA;Interior;-5.269671;-37.967945;-5.270944;-37.967721;Conjunto de Usinas;Solar;Conj. Alex;CJU_CEUFAL;-;2023-12-31 01:00:00;0.0;0.0;278.397;0.0
NE;Nordeste;CE;CEARA;ALEX230kVA;Interior;-5.269671;-37.967945;-5.270944;-37.967721;Conjunto de Usinas;Solar;Conj. Alex;CJU_CEUFAL;-;2023-12-31 02:00:00;0.0;0.0;278.397;0.0
NE;Nordeste;CE;CEARA;ALEX230kVA;Interior;-5.269671;-37.967945;-5.270944;-37.967721;Conjunto de Usinas;Solar;Conj. Alex;CJU_CEUFAL;-;2023-12-31 03:00:00;0.0;0.0;278.397;0.0
NE;Nordeste;CE;CEARA;ALEX230kVA;Interior;-5.269671;-37.967945;-5.270944;-37.967721;Conjunto de Usinas;Solar;Conj. Alex;CJU_CEUFAL;-;2023-12-31 04:00:00;0.0;0.0;278.397;0.0
NE;Nordeste;CE;CEARA;ALEX230kVA;Interior;-5.269671;-37.967945;-5.270944;-37.967721;Conjunto de Usinas;Solar;Conj. Alex;CJU_CEUFAL;-;2023-12-31 05:00:00;3.0;1.59;278.397;0.0057112684403926
NE;Nordeste;CE;CEARA;ALEX230kVA;Interior;-5.269671;-37.967945;-5.270944;-37.967721;Conjunto de Usinas;Solar;Conj. Alex;CJU_CEUFAL;-;2023-12-31 06:00:00;33.5;34.691;278.397;0.1246098197897247
NE;Nordeste;CE;CEARA;ALEX230kVA;Interior;-5.269671;-37.967945;-5.270944;-37.967721;Conjunto de Usinas;Solar;Conj. Alex;CJU_CEUFAL;-;2023-12-31 07:00:00;95.0;140.33;278.397;0.5040643397737762
NE;Nordeste;CE;CEARA;ALEX230kVA;Interior;-5.269671;-37.967945;-5.270944;-37.967721;Conjunto de Usinas;Solar;Conj. Alex;CJU_CEUFAL;-;2023-12-31 08:00:00;143.0;195.271;278.397;0.701412012342087
NE;Nordeste;CE;CEARA;ALEX230kVA;Interior;-5.269671;-37.967945;-5.270944;-37.967721;Conjunto de Usinas;Solar;Conj. Alex;CJU_CEUFAL;-;2023-12-31 09:00:00;168.5;213.475;278.397;0.7668006479954884
NE;Nordeste;CE;CEARA;ALEX230kVA;Interior;-5.269671;-37.967945;-5.270944;-37.967721;Conjunto de Usinas;Solar;Conj. Alex;CJU_CEUFAL;-;2023-12-31 10:00:00;175.5;230.207;278.397;0.8269018703506144
NE;Nordeste;CE;CEARA;ALEX230kVA;Interior;-5.269671;-37.967945;-5.270944;-37.967721;Conjunto de Usinas;Solar;Conj. Alex;CJU_CEUFAL;-;2023-12-31 11:00:00;169.0;140.236;278.397;0.5037266924571744
NE;Nordeste;CE;CEARA;ALEX230kVA;Interior;-5.269671;-37.967945;-5.270944;-37.967721;Conjunto de Usinas;Solar;Conj. Alex;CJU_CEUFAL;-;2023-12-31 12:00:00;150.0;181.96;278.397;0.6535989971156299
NE;Nordeste;CE;CEARA;ALEX230kVA;Interior;-5.269671;-37.967945;-5.270944;-37.967721;Conjunto de Usinas;Solar;Conj. Alex;CJU_CEUFAL;-;2023-12-31 13:00:00;132.0;189.87;278.397;0.6820116596084009
NE;Nordeste;CE;CEARA;ALEX230kVA;Interior;-5.269671;-37.967945;-5.270944;-37.967721;Conjunto de Usinas;Solar;Conj. Alex;CJU_CEUFAL;-;2023-12-31 14:00:00;118.0;138.61;278.397;0.4978861122785087
NE;Nordeste;CE;CEARA;ALEX230kVA;Interior;-5.269671;-37.967945;-5.270944;-37.967721;Conjunto de Usinas;Solar;Conj. Alex;CJU_CEUFAL;-;2023-12-31 15:00:00;107.5;222.956;278.397;0.8008563310667859
NE;Nordeste;CE;CEARA;ALEX230kVA;Interior;-5.269671;-37.967945;-5.270944;-37.967721;Conjunto de Usinas;Solar;Conj. Alex;CJU_CEUFAL;-;2023-12-31 16:00:00;77.5;151.623;278.397;0.5446287136714835
NE;Nordeste;CE;CEARA;ALEX230kVA;Interior;-5.269671;-37.967945;-5.270944;-37.967721;Conjunto de Usinas;Solar;Conj. Alex;CJU_CEUFAL;-;2023-12-31 17:00:00;5.0;14.968;278.397;0.0537649471797469
NE;Nordeste;CE;CEARA;ALEX230kVA;Interior;-5.269671;-37.967945;-5.270944;-37.967721;Conjunto de Usinas;Solar;Conj. Alex;CJU_CEUFAL;-;2023-12-31 18:00:00;0.0;0.0;278.397;0.0
NE;Nordeste;CE;CEARA;ALEX230kVA;Interior;-5.269671;-37.967945;-5.270944;-37.967721;Conjunto de Usinas;Solar;Conj. Alex;CJU_CEUFAL;-;2023-12-31 19:00:00;0.0;0.0;278.397;0.0
NE;Nordeste;CE;CEARA;ALEX230kVA;Interior;-5.269671;-37.967945;-5.270944;-37.967721;Conjunto de Usinas;Solar;Conj. Alex;CJU_CEUFAL;-;2023-12-31 20:00:00;0.0;0.0;278.397;0.0
NE;Nordeste;CE;CEARA;ALEX230kVA;Interior;-5.269671;-37.967945;-5.270944;-37.967721;Conjunto de Usinas;Solar;Conj. Alex;CJU_CEUFAL;-;2023-12-31 21:00:00;0.0;0.0;278.397;0.0
NE;Nordeste;CE;CEARA;ALEX230kVA;Interior;-5.269671;-37.967945;-5.270944;-37.967721;Conjunto de Usinas;Solar;Conj. Alex;CJU_CEUFAL;-;2023-12-31 22:00:00;0.0;0.0;278.397;0.0
NE;Nordeste;CE;CEARA;ALEX230kVA;Interior;-5.269671;-37.967945;-5.270944;-37.967721;Conjunto de Usinas;Solar;Conj. Alex;CJU_CEUFAL;-;2023-12-31 23:00:00;0.0;0.0;278.397;0.0
